-10.000000,12.176405
-9.993999,12.034015
-9.987998,12.085871
-9.981996,12.206086
-9.975995,12.162751
-9.969994,11.872266
-9.963993,12.059002
-9.957992,11.942856
-9.951990,11.941669
-9.945989,11.987049
-9.939988,11.954392
-9.933987,12.079414
-9.927986,12.004089
-9.921984,11.934152
-9.915983,11.960370
-9.909982,11.943349
-9.903981,12.053389
-9.897980,11.877464
-9.891978,11.923285
-9.885977,11.800568
-9.879976,11.624677
-9.873975,11.939337
-9.867974,11.954417
-9.861972,11.787756
-9.855971,12.082947
-9.849970,11.704533
-9.843969,11.848545
-9.837968,11.819249
-9.831966,11.985244
-9.825965,11.972901
-9.819964,11.835459
-9.813963,11.851779
-9.807962,11.719183
-9.801960,11.603881
-9.795959,11.761168
-9.789958,11.805593
-9.783957,11.906986
-9.777956,11.898194
-9.771954,11.733222
-9.765953,11.735723
-9.759952,11.655097
-9.753951,11.611949
-9.747950,11.577323
-9.741948,11.937026
-9.735947,11.684982
-9.729946,11.686139
-9.723945,11.598665
-9.717944,11.795693
-9.711942,11.550553
-9.705941,11.684667
-9.699940,11.610393
-9.693939,11.732629
-9.687938,11.636857
-9.681936,11.563873
-9.675935,11.673117
-9.669934,11.712767
-9.663933,11.670585
-9.657932,11.688179
-9.651930,11.588498
-9.645929,11.609655
-9.639928,11.572682
-9.633927,11.597971
-9.627926,11.546611
-9.621924,11.449296
-9.615923,11.633666
-9.609922,11.569744
-9.603921,11.440901
-9.597920,11.644198
-9.591918,11.501189
-9.585917,11.591112
-9.579916,11.652825
-9.573915,11.586813
-9.567914,11.681854
-9.561912,11.438430
-9.555911,11.596145
-9.549910,11.481429
-9.543909,11.456829
-9.537908,11.480023
-9.531906,11.500751
-9.525905,11.531522
-9.519904,11.403389
-9.513903,11.603985
-9.507902,11.554468
-9.501900,11.348276
-9.495899,11.644724
-9.489898,11.679487
-9.483897,11.601775
-9.477896,11.459903
-9.471894,11.364819
-9.465893,11.571338
-9.459892,11.419574
-9.453891,11.576135
-9.447890,11.468717
-9.441888,11.539552
-9.435887,11.471524
-9.429886,11.500543
-9.423885,11.424935
-9.417884,11.596471
-9.411882,11.424574
-9.405881,11.446080
-9.399880,11.588195
-9.393879,11.259103
-9.387878,11.260829
-9.381876,11.478816
-9.375875,11.258563
-9.369874,11.564236
-9.363873,11.322511
-9.357872,11.283126
-9.351870,11.544165
-9.345869,11.493921
-9.339868,11.526624
-9.333867,11.424471
-9.327866,11.241743
-9.321864,11.512871
-9.315863,11.289063
-9.309862,11.390108
-9.303861,11.398586
-9.297860,11.282359
-9.291858,11.353266
-9.285857,11.378078
-9.279856,11.317499
-9.273855,11.163915
-9.267854,11.297677
-9.261852,11.394491
-9.255851,11.186394
-9.249850,11.234887
-9.243849,11.200333
-9.237848,11.422774
-9.231846,11.299076
-9.225845,11.266591
-9.219844,11.142852
-9.213843,11.267768
-9.207842,11.140408
-9.201840,11.205023
-9.195839,11.132255
-9.189838,11.257481
-9.183837,11.241496
-9.177836,11.157006
-9.171834,11.211435
-9.165833,11.056527
-9.159832,11.010706
-9.153831,11.197770
-9.147830,11.164497
-9.141828,11.205332
-9.135827,11.374142
-9.129826,11.224274
-9.123825,11.032543
-9.117824,11.229525
-9.111822,10.980232
-9.105821,11.059663
-9.099820,11.092996
-9.093819,11.265153
-9.087818,11.013342
-9.081816,10.999173
-9.075815,11.065970
-9.069814,11.003466
-9.063813,11.176476
-9.057812,10.949818
-9.051810,10.937063
-9.045809,11.002027
-9.039808,10.990005
-9.033807,11.226760
-9.027806,11.122748
-9.021804,11.030559
-9.015803,10.893260
-9.009802,11.094238
-9.003801,10.903779
-8.997800,10.843322
-8.991798,11.110601
-8.985797,11.017491
-8.979796,11.071882
-8.973795,11.005668
-8.967794,11.053477
-8.961792,10.896690
-8.955791,10.852367
-8.949790,11.017949
-8.943789,10.863448
-8.937788,10.868833
-8.931786,10.886233
-8.925785,10.927533
-8.919784,10.884385
-8.913783,10.776288
-8.907782,10.843420
-8.901780,10.679440
-8.895779,10.958302
-8.889778,10.729572
-8.883777,10.773338
-8.877776,10.882992
-8.871774,10.797818
-8.865773,11.020075
-8.859772,10.730486
-8.853771,10.880476
-8.847770,10.843841
-8.841768,10.724959
-8.835767,10.888095
-8.829766,10.812611
-8.823765,10.900944
-8.817764,10.900114
-8.811762,11.028086
-8.805761,10.939414
-8.799760,10.762842
-8.793759,10.769821
-8.787758,10.897724
-8.781756,10.847283
-8.775755,10.839768
-8.769754,10.608058
-8.763753,10.761320
-8.757752,10.683948
-8.751750,10.779743
-8.745749,10.735934
-8.739748,10.830766
-8.733747,10.765469
-8.727746,10.806378
-8.721744,10.675102
-8.715743,10.621299
-8.709742,10.668737
-8.703741,10.702039
-8.697740,10.735655
-8.691738,10.917669
-8.685737,10.681511
-8.679736,10.584141
-8.673735,10.639137
-8.667734,10.621374
-8.661732,10.709880
-8.655731,10.501651
-8.649730,10.656056
-8.643729,10.659379
-8.637728,10.660946
-8.631726,10.571995
-8.625725,10.601933
-8.619724,10.477318
-8.613723,10.564391
-8.607722,10.553435
-8.601720,10.643325
-8.595719,10.480101
-8.589718,10.667838
-8.583717,10.733165
-8.577716,10.370717
-8.571714,10.614340
-8.565713,10.633404
-8.559712,10.495968
-8.553711,10.513984
-8.547710,10.534421
-8.541708,10.511929
-8.535707,10.504806
-8.529706,10.362106
-8.523705,10.638938
-8.517704,10.625665
-8.511702,10.430366
-8.505701,10.359059
-8.499700,10.551806
-8.493699,10.436120
-8.487698,10.501893
-8.481696,10.449763
-8.475695,10.544849
-8.469694,10.539169
-8.463693,10.391133
-8.457692,10.319355
-8.451690,10.293396
-8.445689,10.506727
-8.439688,10.320802
-8.433687,10.383005
-8.427686,10.368054
-8.421684,10.416428
-8.415683,10.222055
-8.409682,10.428560
-8.403681,10.456070
-8.397680,10.406522
-8.391678,10.360590
-8.385677,10.395417
-8.379676,10.419581
-8.373675,10.096415
-8.367674,10.563265
-8.361672,10.400682
-8.355671,10.290430
-8.349670,10.310575
-8.343669,10.393043
-8.337668,10.326057
-8.331666,10.128598
-8.325665,10.532114
-8.319664,10.308610
-8.313663,10.415680
-8.307662,10.238457
-8.301660,10.455298
-8.295659,10.324294
-8.289658,10.350542
-8.283657,10.179131
-8.277656,10.398770
-8.271654,10.340636
-8.265653,10.395838
-8.259652,10.196843
-8.253651,10.205548
-8.247650,10.478041
-8.241648,10.135647
-8.235647,10.222052
-8.229646,10.343335
-8.223645,10.233417
-8.217644,10.275939
-8.211642,10.171697
-8.205641,10.242647
-8.199640,10.068987
-8.193639,10.359452
-8.187638,10.175821
-8.181636,10.113619
-8.175635,10.242273
-8.169634,10.123562
-8.163633,10.030207
-8.157632,10.022960
-8.151630,10.221008
-8.145629,10.129672
-8.139628,10.126258
-8.133627,10.241401
-8.127626,10.014943
-8.121624,10.048557
-8.115623,10.077135
-8.109622,10.119057
-8.103621,10.099404
-8.097620,10.068931
-8.091618,10.085456
-8.085617,10.074887
-8.079616,10.007655
-8.073615,9.992315
-8.067614,10.095065
-8.061612,9.972521
-8.055611,9.939876
-8.049610,10.018381
-8.043609,10.027842
-8.037608,10.263280
-8.031606,9.961136
-8.025605,10.119931
-8.019604,10.094323
-8.013603,9.894708
-8.007602,10.084927
-8.001600,9.883212
-7.995599,9.729682
-7.989598,10.050230
-7.983597,9.808008
-7.977596,10.022689
-7.971594,9.903193
-7.965593,10.131548
-7.959592,10.066443
-7.953591,9.908252
-7.947590,9.878806
-7.941588,9.820181
-7.935587,9.891495
-7.929586,9.901550
-7.923585,9.887115
-7.917584,9.933254
-7.911582,9.969434
-7.905581,9.940547
-7.899580,9.823166
-7.893579,9.749800
-7.887578,10.024031
-7.881576,9.812631
-7.875575,9.810346
-7.869574,9.817455
-7.863573,9.679266
-7.857572,9.809774
-7.851570,9.803605
-7.845569,9.907605
-7.839568,9.909414
-7.833567,9.833944
-7.827566,9.920750
-7.821564,9.855561
-7.815563,9.813995
-7.809562,9.825655
-7.803561,9.784495
-7.797560,9.758075
-7.791558,9.764785
-7.785557,9.672756
-7.779556,9.807600
-7.773555,9.674242
-7.767554,9.851717
-7.761552,9.736606
-7.755551,9.760501
-7.749550,9.798934
-7.743549,9.807880
-7.737548,9.580485
-7.731546,9.710856
-7.725545,9.813563
-7.719544,9.549733
-7.713543,9.752271
-7.707542,9.481985
-7.701540,9.599290
-7.695539,9.699402
-7.689538,9.523866
-7.683537,9.584986
-7.677536,9.530352
-7.671534,9.836348
-7.665533,9.681956
-7.659532,9.716261
-7.653531,9.631263
-7.647530,9.612186
-7.641528,9.479881
-7.635527,9.606343
-7.629526,9.553377
-7.623525,9.709317
-7.617524,9.731634
-7.611522,9.758180
-7.605521,9.690776
-7.599520,9.539655
-7.593519,9.481929
-7.587518,9.664184
-7.581516,9.617146
-7.575515,9.398661
-7.569514,9.605062
-7.563513,9.644965
-7.557512,9.563404
-7.551510,9.533005
-7.545509,9.464744
-7.539508,9.394854
-7.533507,9.613536
-7.527506,9.496594
-7.521504,9.498158
-7.515503,9.688775
-7.509502,9.577952
-7.503501,9.540583
-7.497499,9.511706
-7.491498,9.643498
-7.485497,9.657456
-7.479496,9.572446
-7.473495,9.531717
-7.467493,9.258033
-7.461492,9.473864
-7.455491,9.442480
-7.449490,9.458885
-7.443489,9.537793
-7.437487,9.163520
-7.431486,9.374555
-7.425485,9.452476
-7.419484,9.372799
-7.413483,9.271792
-7.407481,9.494378
-7.401480,9.429167
-7.395479,9.298369
-7.389478,9.420960
-7.383477,9.465635
-7.377475,9.378005
-7.371474,9.451531
-7.365473,9.373299
-7.359472,9.319949
-7.353471,9.237529
-7.347469,9.338876
-7.341468,9.360898
-7.335467,9.423050
-7.329466,9.317955
-7.323465,9.369206
-7.317463,9.221002
-7.311462,9.233199
-7.305461,9.294422
-7.299460,9.193997
-7.293459,9.375483
-7.287457,9.333771
-7.281456,9.309366
-7.275455,9.309346
-7.269454,9.471558
-7.263453,9.216566
-7.257451,9.037307
-7.251450,9.271380
-7.245449,9.240389
-7.239448,9.187696
-7.233447,9.135564
-7.227445,9.183527
-7.221444,9.239578
-7.215443,9.165161
-7.209442,9.450687
-7.203441,9.107390
-7.197439,9.118128
-7.191438,8.962576
-7.185437,9.210586
-7.179436,8.977795
-7.173435,9.119489
-7.167433,9.139866
-7.161432,9.090459
-7.155431,9.329318
-7.149430,9.248869
-7.143429,9.275342
-7.137427,9.049186
-7.131426,9.244286
-7.125425,9.175025
-7.119424,9.196564
-7.113423,9.216367
-7.107421,9.016545
-7.101420,9.058989
-7.095419,9.181679
-7.089418,8.823856
-7.083417,9.234749
-7.077415,9.132729
-7.071414,9.066844
-7.065413,9.087464
-7.059412,8.956418
-7.053411,9.018416
-7.047409,9.157438
-7.041408,9.171210
-7.035407,9.305029
-7.029406,9.022013
-7.023405,8.957549
-7.017403,8.965980
-7.011402,8.909598
-7.005401,8.997616
-6.999400,9.037673
-6.993399,8.989974
-6.987397,9.097032
-6.981396,8.957975
-6.975395,8.940650
-6.969394,8.911267
-6.963393,8.800129
-6.957391,8.800615
-6.951390,8.833474
-6.945389,9.075532
-6.939388,9.028914
-6.933387,9.070883
-6.927385,8.794164
-6.921384,8.724522
-6.915383,8.849377
-6.909382,8.926964
-6.903381,8.953250
-6.897379,9.002177
-6.891378,8.919806
-6.885377,9.059644
-6.879376,8.857115
-6.873375,8.782067
-6.867373,8.699252
-6.861372,8.772475
-6.855371,8.879583
-6.849370,8.760498
-6.843369,8.937043
-6.837367,8.978600
-6.831366,8.594408
-6.825365,8.911770
-6.819364,8.595403
-6.813363,8.853513
-6.807361,8.929849
-6.801360,8.807846
-6.795359,8.667390
-6.789358,8.730815
-6.783357,8.757192
-6.777355,8.759131
-6.771354,8.751065
-6.765353,8.754365
-6.759352,8.780700
-6.753351,8.632493
-6.747349,8.723147
-6.741348,8.893174
-6.735347,8.696883
-6.729346,8.684962
-6.723345,8.831164
-6.717343,8.461425
-6.711342,8.829480
-6.705341,8.642151
-6.699340,8.715733
-6.693339,8.702971
-6.687337,8.781584
-6.681336,8.654577
-6.675335,8.607532
-6.669334,8.799118
-6.663333,8.426915
-6.657331,8.659365
-6.651330,8.516538
-6.645329,8.569172
-6.639328,8.840454
-6.633327,8.628867
-6.627325,8.646832
-6.621324,8.443168
-6.615323,8.542419
-6.609322,8.628978
-6.603321,8.638796
-6.597319,8.659008
-6.591318,8.592181
-6.585317,8.638017
-6.579316,8.624694
-6.573315,8.390341
-6.567313,8.571014
-6.561312,8.638103
-6.555311,8.614299
-6.549310,8.512924
-6.543309,8.462746
-6.537307,8.425476
-6.531306,8.518201
-6.525305,8.638613
-6.519304,8.324123
-6.513303,8.447313
-6.507301,8.393321
-6.501300,8.579796
-6.495299,8.439868
-6.489298,8.442234
-6.483297,8.461602
-6.477295,8.521835
-6.471294,8.432055
-6.465293,8.160679
-6.459292,8.513623
-6.453291,8.497195
-6.447289,8.425335
-6.441288,8.332885
-6.435287,8.470465
-6.429286,8.467209
-6.423285,8.376281
-6.417283,8.395610
-6.411282,8.318267
-6.405281,8.387422
-6.399280,8.244237
-6.393279,8.435011
-6.387277,8.292841
-6.381276,8.405087
-6.375275,8.234679
-6.369274,8.310268
-6.363273,8.352224
-6.357271,8.191201
-6.351270,8.362785
-6.345269,8.307354
-6.339268,8.165032
-6.333267,8.202942
-6.327265,8.387777
-6.321264,8.410820
-6.315263,8.302072
-6.309262,8.349738
-6.303261,8.325645
-6.297259,8.330222
-6.291258,8.419857
-6.285257,8.134557
-6.279256,8.346902
-6.273255,8.235054
-6.267253,8.244828
-6.261252,8.231027
-6.255251,8.217736
-6.249250,8.126630
-6.243249,8.261583
-6.237247,8.404342
-6.231246,8.225633
-6.225245,8.225107
-6.219244,8.150514
-6.213243,8.201495
-6.207241,8.253858
-6.201240,8.164216
-6.195239,8.149859
-6.189238,8.229564
-6.183237,8.091436
-6.177235,8.202485
-6.171234,8.253266
-6.165233,8.301228
-6.159232,8.150194
-6.153231,8.289990
-6.147229,8.250670
-6.141228,8.041607
-6.135227,8.013433
-6.129226,8.098729
-6.123225,8.226118
-6.117223,8.109995
-6.111222,8.051156
-6.105221,8.260445
-6.099220,8.127910
-6.093219,7.861159
-6.087217,8.118934
-6.081216,8.133220
-6.075215,8.097776
-6.069214,8.114185
-6.063213,8.056485
-6.057211,7.925372
-6.051210,8.014140
-6.045209,7.950647
-6.039208,7.945934
-6.033207,7.906900
-6.027205,8.072454
-6.021204,8.030994
-6.015203,7.970387
-6.009202,7.944268
-6.003201,8.000858
-5.997199,8.105119
-5.991198,7.790777
-5.985197,8.022885
-5.979196,7.924625
-5.973195,7.784736
-5.967193,7.772623
-5.961192,7.869914
-5.955191,7.977142
-5.949190,7.988496
-5.943189,7.849290
-5.937187,8.038890
-5.931186,8.073485
-5.925185,7.964794
-5.919184,7.860044
-5.913183,8.025625
-5.907181,7.982721
-5.901180,7.987921
-5.895179,7.829533
-5.889178,7.605722
-5.883177,8.094856
-5.877175,7.716088
-5.871174,7.867597
-5.865173,8.103248
-5.859172,7.892230
-5.853171,7.948095
-5.847169,7.696930
-5.841168,7.663402
-5.835167,7.781897
-5.829166,7.938241
-5.823165,7.788540
-5.817163,7.737700
-5.811162,7.830959
-5.805161,7.913355
-5.799160,7.654666
-5.793159,7.672104
-5.787157,7.708291
-5.781156,7.890620
-5.775155,7.798637
-5.769154,7.982369
-5.763153,7.856797
-5.757151,7.753642
-5.751150,7.877658
-5.745149,7.766299
-5.739148,7.668656
-5.733147,7.801144
-5.727145,7.657513
-5.721144,7.692105
-5.715143,7.847921
-5.709142,7.699014
-5.703141,7.622826
-5.697139,7.650706
-5.691138,7.793317
-5.685137,7.629883
-5.679136,7.640449
-5.673135,7.622105
-5.667133,7.685526
-5.661132,7.622583
-5.655131,7.494947
-5.649130,7.560412
-5.643129,7.549850
-5.637127,7.761459
-5.631126,7.712394
-5.625125,7.683851
-5.619124,7.568588
-5.613123,7.531543
-5.607121,7.556370
-5.601120,7.495932
-5.595119,7.844839
-5.589118,7.364586
-5.583117,7.639517
-5.577115,7.448660
-5.571114,7.560680
-5.565113,7.466313
-5.559112,7.441349
-5.553111,7.439091
-5.547109,7.722608
-5.541108,7.527809
-5.535107,7.458537
-5.529106,7.584685
-5.523105,7.524140
-5.517103,7.589107
-5.511102,7.328677
-5.505101,7.535461
-5.499100,7.576369
-5.493099,7.326939
-5.487097,7.531917
-5.481096,7.650714
-5.475095,7.473609
-5.469094,7.551234
-5.463093,7.530150
-5.457091,7.386341
-5.451090,7.455067
-5.445089,7.288390
-5.439088,7.393958
-5.433087,7.459655
-5.427085,7.499395
-5.421084,7.423545
-5.415083,7.487081
-5.409082,7.298791
-5.403081,7.392911
-5.397079,7.399007
-5.391078,7.576037
-5.385077,7.363660
-5.379076,7.329174
-5.373075,7.375210
-5.367073,7.275162
-5.361072,7.380348
-5.355071,7.318565
-5.349070,7.169937
-5.343069,7.337210
-5.337067,7.305313
-5.331066,7.167824
-5.325065,7.318352
-5.319064,7.467999
-5.313063,7.365193
-5.307061,7.368254
-5.301060,7.166911
-5.295059,7.342749
-5.289058,7.303903
-5.283057,7.335961
-5.277055,7.319318
-5.271054,7.135076
-5.265053,7.260913
-5.259052,7.183265
-5.253051,7.248042
-5.247049,7.157309
-5.241048,7.372295
-5.235047,7.149150
-5.229046,7.139152
-5.223045,7.230503
-5.217043,7.109334
-5.211042,7.168576
-5.205041,7.122045
-5.199040,7.340157
-5.193039,7.271619
-5.187037,7.181290
-5.181036,7.141915
-5.175035,7.269127
-5.169034,7.209554
-5.163033,7.212838
-5.157031,7.154412
-5.151030,6.982207
-5.145029,7.133782
-5.139028,7.085779
-5.133027,7.197532
-5.127025,7.228210
-5.121024,7.055229
-5.115023,7.161862
-5.109022,7.282610
-5.103021,7.036249
-5.097019,7.265212
-5.091018,7.005760
-5.085017,7.087313
-5.079016,7.077901
-5.073015,7.074164
-5.067013,6.983246
-5.061012,7.001894
-5.055011,6.988239
-5.049010,7.081706
-5.043009,7.076012
-5.037007,7.259602
-5.031006,7.168105
-5.025005,6.974021
-5.019004,7.051491
-5.013003,7.112714
-5.007001,7.010062
-5.001000,6.994036
-4.994999,7.000156
-4.988998,7.075725
-4.982997,6.898165
-4.976995,6.944428
-4.970994,7.018038
-4.964993,6.996138
-4.958992,6.982950
-4.952991,6.916010
-4.946989,7.044243
-4.940988,7.154375
-4.934987,6.975629
-4.928986,6.909668
-4.922985,6.998559
-4.916983,6.863070
-4.910982,6.836013
-4.904981,6.908262
-4.898980,6.640700
-4.892979,6.777584
-4.886977,6.852181
-4.880976,6.745637
-4.874975,6.771711
-4.868974,6.825299
-4.862973,6.698676
-4.856971,6.816364
-4.850970,6.797443
-4.844969,6.847510
-4.838968,6.954386
-4.832967,6.850217
-4.826965,6.829072
-4.820964,6.830910
-4.814963,6.837702
-4.808962,6.707288
-4.802961,6.791483
-4.796959,6.827835
-4.790958,6.653882
-4.784957,6.871522
-4.778956,6.887093
-4.772955,6.709817
-4.766953,6.742820
-4.760952,6.673133
-4.754951,6.824889
-4.748950,6.642828
-4.742949,6.720701
-4.736947,6.651055
-4.730946,6.736042
-4.724945,6.545522
-4.718944,6.851590
-4.712943,6.616482
-4.706941,6.712931
-4.700940,6.679688
-4.694939,6.618728
-4.688938,6.600160
-4.682937,6.776576
-4.676935,6.624371
-4.670934,6.698051
-4.664933,6.584783
-4.658932,6.594214
-4.652931,6.700155
-4.646929,6.739970
-4.640928,6.623397
-4.634927,6.492735
-4.628926,6.828721
-4.622925,6.537270
-4.616923,6.462765
-4.610922,6.870365
-4.604921,6.564518
-4.598920,6.452747
-4.592919,6.524575
-4.586917,6.623672
-4.580916,6.599947
-4.574915,6.489742
-4.568914,6.751186
-4.562913,6.510755
-4.556911,6.438443
-4.550910,6.646980
-4.544909,6.677815
-4.538908,6.457158
-4.532907,6.392772
-4.526905,6.629949
-4.520904,6.316172
-4.514903,6.392241
-4.508902,6.605646
-4.502901,6.497365
-4.496899,6.470506
-4.490898,6.526180
-4.484897,6.469620
-4.478896,6.349027
-4.472895,6.600502
-4.466893,6.599395
-4.460892,6.481425
-4.454891,6.459404
-4.448890,6.682852
-4.442889,6.415245
-4.436887,6.410930
-4.430886,6.467334
-4.424885,6.572017
-4.418884,6.578161
-4.412883,6.387025
-4.406881,6.437715
-4.400880,6.263072
-4.394879,6.363681
-4.388878,6.304849
-4.382877,6.282193
-4.376875,6.545033
-4.370874,6.291646
-4.364873,6.311712
-4.358872,6.395457
-4.352871,6.482653
-4.346869,6.394981
-4.340868,6.616804
-4.334867,6.327400
-4.328866,6.354737
-4.322865,6.350425
-4.316863,6.460368
-4.310862,6.361586
-4.304861,6.293238
-4.298860,6.204111
-4.292859,6.317303
-4.286857,6.426992
-4.280856,6.239818
-4.274855,6.327749
-4.268854,6.293469
-4.262853,6.349205
-4.256851,6.176376
-4.250850,6.485515
-4.244849,6.116933
-4.238848,6.202293
-4.232847,6.326656
-4.226845,6.256519
-4.220844,6.303843
-4.214843,6.165233
-4.208842,6.201361
-4.202841,6.204064
-4.196839,6.353765
-4.190838,6.259881
-4.184837,6.264504
-4.178836,6.113043
-4.172835,6.269723
-4.166833,6.189392
-4.160832,6.299747
-4.154831,6.356237
-4.148830,6.118153
-4.142829,6.102198
-4.136827,6.050423
-4.130826,6.116468
-4.124825,6.086622
-4.118824,6.154774
-4.112823,6.098366
-4.106821,6.070661
-4.100820,6.207279
-4.094819,6.001031
-4.088818,6.132129
-4.082817,6.042222
-4.076815,6.149252
-4.070814,6.209340
-4.064813,6.034503
-4.058812,6.102915
-4.052811,6.070690
-4.046809,5.966867
-4.040808,6.064887
-4.034807,6.063719
-4.028806,6.070093
-4.022805,6.002965
-4.016803,6.026223
-4.010802,5.896041
-4.004801,5.968990
-3.998800,6.054396
-3.992799,6.082046
-3.986797,5.944566
-3.980796,5.991268
-3.974795,5.997600
-3.968794,5.988942
-3.962793,6.016870
-3.956791,5.774984
-3.950790,5.945858
-3.944789,5.968692
-3.938788,5.838755
-3.932787,6.100185
-3.926785,5.942941
-3.920784,6.077125
-3.914783,5.835731
-3.908782,5.818052
-3.902781,5.925206
-3.896779,5.728911
-3.890778,5.912275
-3.884777,5.894499
-3.878776,5.980342
-3.872775,5.942879
-3.866773,5.825026
-3.860772,5.751022
-3.854771,6.026001
-3.848770,5.769558
-3.842769,5.738216
-3.836767,5.728282
-3.830766,5.942497
-3.824765,5.772875
-3.818764,5.743393
-3.812763,5.826532
-3.806761,5.786067
-3.800760,5.732951
-3.794759,5.870158
-3.788758,5.895289
-3.782757,5.881288
-3.776755,5.853447
-3.770754,5.811017
-3.764753,5.587164
-3.758752,5.925677
-3.752751,5.782949
-3.746749,5.807565
-3.740748,5.852244
-3.734747,5.878082
-3.728746,5.770586
-3.722745,5.766299
-3.716743,5.656821
-3.710742,5.714051
-3.704741,5.619325
-3.698740,5.626746
-3.692739,5.603381
-3.686737,5.671135
-3.680736,5.785645
-3.674735,5.991832
-3.668734,5.687684
-3.662733,5.527891
-3.656731,5.783230
-3.650730,5.620652
-3.644729,5.578668
-3.638728,5.659713
-3.632727,5.508664
-3.626725,5.648972
-3.620724,5.611887
-3.614723,5.624561
-3.608722,5.646863
-3.602721,5.609470
-3.596719,5.598353
-3.590718,5.619150
-3.584717,5.626257
-3.578716,5.475567
-3.572715,5.429715
-3.566713,5.560550
-3.560712,5.417439
-3.554711,5.563464
-3.548710,5.642584
-3.542709,5.603420
-3.536707,5.431890
-3.530706,5.444680
-3.524705,5.557535
-3.518704,5.478574
-3.512703,5.481037
-3.506701,5.566392
-3.500700,5.401971
-3.494699,5.454575
-3.488698,5.408689
-3.482697,5.378384
-3.476695,5.390988
-3.470694,5.538440
-3.464693,5.469875
-3.458692,5.370776
-3.452691,5.429580
-3.446689,5.282809
-3.440688,5.367357
-3.434687,5.649644
-3.428686,5.419661
-3.422685,5.495850
-3.416683,5.410134
-3.410682,5.445499
-3.404681,5.471007
-3.398680,5.288218
-3.392679,5.389585
-3.386677,5.544564
-3.380676,5.301126
-3.374675,5.318031
-3.368674,5.337905
-3.362673,5.389575
-3.356671,5.409163
-3.350670,5.477411
-3.344669,5.394619
-3.338668,5.332462
-3.332667,5.458583
-3.326665,5.397076
-3.320664,5.171096
-3.314663,5.567300
-3.308662,5.485654
-3.302661,5.285839
-3.296659,5.334450
-3.290658,5.423094
-3.284657,5.267437
-3.278656,5.351691
-3.272655,5.383112
-3.266653,5.165171
-3.260652,5.200419
-3.254651,5.346792
-3.248650,5.294731
-3.242649,5.335028
-3.236647,5.223391
-3.230646,5.201746
-3.224645,5.024781
-3.218644,5.104044
-3.212643,5.217349
-3.206641,5.289097
-3.200640,5.253758
-3.194639,5.181815
-3.188638,5.161461
-3.182637,5.204354
-3.176635,5.184456
-3.170634,5.311089
-3.164633,5.179277
-3.158632,5.010507
-3.152631,5.025375
-3.146629,5.298505
-3.140628,5.023512
-3.134627,5.211077
-3.128626,5.101788
-3.122625,5.105649
-3.116623,5.103210
-3.110622,5.232761
-3.104621,5.085337
-3.098620,5.095288
-3.092619,4.939538
-3.086617,5.107286
-3.080616,5.133720
-3.074615,5.098529
-3.068614,5.208403
-3.062613,5.068130
-3.056611,5.086509
-3.050610,5.215461
-3.044609,4.889608
-3.038608,4.993025
-3.032607,5.175222
-3.026605,5.120218
-3.020604,5.088442
-3.014603,5.097868
-3.008602,5.041308
-3.002601,5.165760
-2.996599,5.034375
-2.990598,5.014585
-2.984597,5.000493
-2.978596,4.997882
-2.972595,4.856893
-2.966593,5.043661
-2.960592,4.947548
-2.954591,5.136782
-2.948590,4.941025
-2.942589,4.984680
-2.936587,4.961248
-2.930586,4.868030
-2.924585,5.023799
-2.918584,5.109090
-2.912583,4.911105
-2.906581,4.876533
-2.900580,4.865077
-2.894579,4.705343
-2.888578,4.870796
-2.882577,4.907676
-2.876575,4.982051
-2.870574,4.966579
-2.864573,4.822923
-2.858572,4.830889
-2.852571,4.964961
-2.846569,4.829223
-2.840568,4.789565
-2.834567,4.973819
-2.828566,4.932324
-2.822565,4.824444
-2.816563,4.757186
-2.810562,4.609374
-2.804561,4.863531
-2.798560,4.708923
-2.792559,4.596285
-2.786557,4.945039
-2.780556,4.845353
-2.774555,4.660654
-2.768554,4.647114
-2.762553,4.849649
-2.756551,4.668754
-2.750550,4.880165
-2.744549,4.806195
-2.738548,4.792207
-2.732547,4.773016
-2.726545,4.745690
-2.720544,4.808595
-2.714543,4.669135
-2.708542,4.717137
-2.702541,4.777735
-2.696539,4.752838
-2.690538,4.571039
-2.684537,4.634496
-2.678536,4.703816
-2.672535,4.631733
-2.666533,4.843999
-2.660532,4.621217
-2.654531,4.638309
-2.648530,4.725473
-2.642529,4.675582
-2.636527,4.622000
-2.630526,4.554877
-2.624525,4.654676
-2.618524,4.722433
-2.612523,4.660432
-2.606521,4.528703
-2.600520,4.774198
-2.594519,4.449861
-2.588518,4.430249
-2.582517,4.678572
-2.576515,4.599099
-2.570514,4.515564
-2.564513,4.454656
-2.558512,4.790592
-2.552511,4.564220
-2.546509,4.599929
-2.540508,4.572297
-2.534507,4.577988
-2.528506,4.582515
-2.522505,4.595747
-2.516503,4.478981
-2.510502,4.481338
-2.504501,4.330399
-2.498500,4.420469
-2.492498,4.519610
-2.486497,4.591000
-2.480496,4.540400
-2.474495,4.440426
-2.468494,4.342176
-2.462492,4.184757
-2.456491,4.571665
-2.450490,4.391567
-2.444489,4.399642
-2.438488,4.451645
-2.432486,4.291930
-2.426485,4.391507
-2.420484,4.622831
-2.414483,4.465022
-2.408482,4.444407
-2.402480,4.244231
-2.396479,4.620839
-2.390478,4.248199
-2.384477,4.576709
-2.378476,4.166970
-2.372474,4.513011
-2.366473,4.528279
-2.360472,4.278031
-2.354471,4.396729
-2.348470,4.403218
-2.342468,4.261089
-2.336467,4.191556
-2.330466,4.198694
-2.324465,4.378566
-2.318464,4.309952
-2.312462,4.256032
-2.306461,4.403138
-2.300460,4.351267
-2.294459,4.218913
-2.288458,4.168338
-2.282456,4.334783
-2.276455,4.222697
-2.270454,4.280375
-2.264453,4.422083
-2.258452,4.308685
-2.252450,4.166224
-2.246449,4.262515
-2.240448,4.145184
-2.234447,4.395299
-2.228446,4.172288
-2.222444,4.243172
-2.216443,4.247217
-2.210442,4.226367
-2.204441,4.008586
-2.198440,4.053798
-2.192438,4.147203
-2.186437,4.218380
-2.180436,4.166658
-2.174435,4.078720
-2.168434,4.033591
-2.162432,4.122277
-2.156431,4.109584
-2.150430,4.201714
-2.144429,4.111797
-2.138428,4.198698
-2.132426,4.072962
-2.126425,4.100830
-2.120424,4.085619
-2.114423,4.036186
-2.108422,4.170934
-2.102420,4.021061
-2.096419,4.044255
-2.090418,4.083106
-2.084417,3.954679
-2.078416,4.045922
-2.072414,4.001284
-2.066413,4.027598
-2.060412,4.054419
-2.054411,3.974420
-2.048410,4.026402
-2.042408,4.173275
-2.036407,4.033827
-2.030406,4.144932
-2.024405,4.059054
-2.018404,4.095820
-2.012402,3.934957
-2.006401,4.016892
-2.000400,4.013791
-1.994399,3.933136
-1.988398,3.906115
-1.982396,3.833370
-1.976395,4.126009
-1.970394,3.873154
-1.964393,4.099015
-1.958392,3.911642
-1.952390,3.866141
-1.946389,4.008641
-1.940388,3.877269
-1.934387,3.991233
-1.928386,3.895105
-1.922384,3.970427
-1.916383,3.819565
-1.910382,3.993517
-1.904381,3.953178
-1.898380,3.806415
-1.892378,4.156672
-1.886377,3.940390
-1.880376,4.109423
-1.874375,4.034402
-1.868374,3.849490
-1.862372,3.821145
-1.856371,3.816025
-1.850370,3.667367
-1.844369,3.774785
-1.838368,3.863044
-1.832366,3.984962
-1.826365,3.749088
-1.820364,3.908570
-1.814363,3.689104
-1.808362,3.749730
-1.802360,3.756596
-1.796359,3.833540
-1.790358,3.836089
-1.784357,3.880591
-1.778356,3.855439
-1.772354,3.796671
-1.766353,3.805390
-1.760352,3.919205
-1.754351,3.703258
-1.748350,3.825823
-1.742348,3.561534
-1.736347,3.777481
-1.730346,3.682021
-1.724345,3.724602
-1.718344,3.822352
-1.712342,3.728807
-1.706341,3.794860
-1.700340,3.847717
-1.694339,3.733248
-1.688338,3.805442
-1.682336,3.649680
-1.676335,3.675514
-1.670334,3.618072
-1.664333,3.768631
-1.658332,3.699741
-1.652330,3.601607
-1.646329,3.661796
-1.640328,3.744485
-1.634327,3.630400
-1.628326,3.533432
-1.622324,3.635516
-1.616323,3.418267
-1.610322,3.687199
-1.604321,3.562188
-1.598320,3.551389
-1.592318,3.679888
-1.586317,3.449801
-1.580316,3.775026
-1.574315,3.526291
-1.568314,3.515989
-1.562312,3.664435
-1.556311,3.627181
-1.550310,3.795433
-1.544309,3.523188
-1.538308,3.526267
-1.532306,3.384375
-1.526305,3.493095
-1.520304,3.448161
-1.514303,3.469426
-1.508302,3.333883
-1.502300,3.668361
-1.496299,3.354639
-1.490298,3.210078
-1.484297,3.365454
-1.478296,3.417912
-1.472294,3.357339
-1.466293,3.576124
-1.460292,3.446508
-1.454291,3.456829
-1.448290,3.509329
-1.442288,3.470890
-1.436287,3.534144
-1.430286,3.319338
-1.424285,3.369533
-1.418284,3.484880
-1.412282,3.158827
-1.406281,3.268763
-1.400280,3.450379
-1.394279,3.346254
-1.388278,3.481888
-1.382276,3.463194
-1.376275,3.256466
-1.370274,3.410940
-1.364273,3.484443
-1.358272,3.373015
-1.352270,3.254524
-1.346269,3.434208
-1.340268,3.403811
-1.334267,3.388528
-1.328266,3.399860
-1.322264,3.022803
-1.316263,3.404357
-1.310262,3.491075
-1.304261,3.347925
-1.298260,3.317533
-1.292258,3.361902
-1.286257,3.320080
-1.280256,3.345434
-1.274255,3.274402
-1.268254,3.191583
-1.262252,3.161820
-1.256251,3.156432
-1.250250,3.112946
-1.244249,3.137475
-1.238248,3.414374
-1.232246,3.307656
-1.226245,3.163743
-1.220244,3.181205
-1.214243,3.225499
-1.208242,3.142687
-1.202240,3.208992
-1.196239,3.274000
-1.190238,3.186664
-1.184237,3.217838
-1.178236,3.266885
-1.172234,3.145021
-1.166233,3.194712
-1.160232,3.129294
-1.154231,3.151378
-1.148230,3.115757
-1.142228,3.089341
-1.136227,3.153598
-1.130226,3.186881
-1.124225,3.138855
-1.118224,3.168096
-1.112222,3.038429
-1.106221,2.985848
-1.100220,3.141924
-1.094219,3.163007
-1.088218,3.093203
-1.082216,3.217020
-1.076215,3.166985
-1.070214,3.338271
-1.064213,3.044132
-1.058212,2.958327
-1.052210,2.978197
-1.046209,2.989659
-1.040208,3.087811
-1.034207,2.818400
-1.028206,3.160061
-1.022204,2.998275
-1.016203,2.991524
-1.010202,2.902268
-1.004201,2.992778
-0.998200,2.999524
-0.992198,2.980004
-0.986197,3.020103
-0.980196,2.921233
-0.974195,2.884613
-0.968194,3.023026
-0.962192,2.972059
-0.956191,2.975909
-0.950190,3.056093
-0.944189,2.841932
-0.938188,2.852664
-0.932186,3.057908
-0.926185,2.777897
-0.920184,2.789243
-0.914183,2.995969
-0.908182,2.932002
-0.902180,2.912704
-0.896179,2.887013
-0.890178,2.893305
-0.884177,2.874966
-0.878176,3.013720
-0.872174,2.832360
-0.866173,2.850036
-0.860172,3.039617
-0.854171,2.856922
-0.848170,3.071371
-0.842168,2.831670
-0.836167,2.972909
-0.830166,2.664632
-0.824165,2.839529
-0.818164,2.659716
-0.812162,2.896608
-0.806161,2.684874
-0.800160,2.828537
-0.794159,2.765939
-0.788158,2.672337
-0.782156,2.620220
-0.776155,2.725051
-0.770154,2.944217
-0.764153,2.734804
-0.758152,2.849874
-0.752150,2.746446
-0.746149,2.833822
-0.740148,2.557457
-0.734147,2.693828
-0.728146,2.823086
-0.722144,2.705819
-0.716143,2.707498
-0.710142,2.667096
-0.704141,2.819079
-0.698140,2.727891
-0.692138,2.696541
-0.686137,2.750443
-0.680136,2.738959
-0.674135,2.695394
-0.668134,2.822837
-0.662132,2.656104
-0.656131,2.683939
-0.650130,2.585835
-0.644129,2.659140
-0.638128,2.796904
-0.632126,2.567801
-0.626125,2.512766
-0.620124,2.719800
-0.614123,2.599246
-0.608122,2.617722
-0.602120,2.597609
-0.596119,2.604031
-0.590118,2.675171
-0.584117,2.500204
-0.578116,2.476938
-0.572114,2.580611
-0.566113,2.405469
-0.560112,2.422807
-0.554111,2.740779
-0.548110,2.623856
-0.542108,2.541103
-0.536107,2.659908
-0.530106,2.426046
-0.524105,2.492545
-0.518104,2.580449
-0.512102,2.601170
-0.506101,2.557393
-0.500100,2.245976
-0.494099,2.397291
-0.488098,2.535804
-0.482096,2.446501
-0.476095,2.730118
-0.470094,2.562750
-0.464093,2.519901
-0.458092,2.346397
-0.452090,2.448561
-0.446089,2.470210
-0.440088,2.552866
-0.434087,2.522200
-0.428086,2.531385
-0.422084,2.329693
-0.416083,2.557298
-0.410082,2.272039
-0.404081,2.350489
-0.398080,2.441157
-0.392078,2.377089
-0.386077,2.285474
-0.380076,2.297921
-0.374075,2.219249
-0.368074,2.421271
-0.362072,2.488129
-0.356071,2.346032
-0.350070,2.310035
-0.344069,2.196837
-0.338068,2.429388
-0.332066,2.553197
-0.326065,2.146320
-0.320064,2.213721
-0.314063,2.246104
-0.308062,2.251630
-0.302060,2.324795
-0.296059,2.457484
-0.290058,2.390918
-0.284057,2.336817
-0.278056,2.205663
-0.272054,2.160092
-0.266053,2.186376
-0.260052,2.414859
-0.254051,2.247876
-0.248050,2.203366
-0.242048,2.223673
-0.236047,2.318509
-0.230046,2.098761
-0.224045,2.365532
-0.218044,2.233691
-0.212042,2.190408
-0.206041,2.250326
-0.200040,2.221880
-0.194039,2.159619
-0.188038,2.162767
-0.182036,2.095150
-0.176035,2.241674
-0.170034,2.116835
-0.164033,2.068407
-0.158032,2.174618
-0.152030,2.284945
-0.146029,2.141195
-0.140028,2.079218
-0.134027,2.174416
-0.128026,2.321697
-0.122024,1.976834
-0.116023,2.154243
-0.110022,2.130531
-0.104021,2.220174
-0.098020,2.197111
-0.092018,2.073347
-0.086017,1.917565
-0.080016,2.160672
-0.074015,1.990496
-0.068014,1.973340
-0.062012,2.176847
-0.056011,1.964926
-0.050010,2.190294
-0.044009,2.077593
-0.038008,2.069919
-0.032006,2.062733
-0.026005,1.862163
-0.020004,1.842365
-0.014003,2.035558
-0.008002,2.064802
-0.002000,2.010262
0.004001,1.913846
0.010002,1.991890
0.016003,1.975793
0.022004,1.882280
0.028006,2.073392
0.034007,1.792966
0.040008,2.018866
0.046009,1.992423
0.052010,2.048961
0.058012,1.841457
0.064013,1.946128
0.070014,2.147102
0.076015,1.990192
0.082016,1.928042
0.088018,1.965899
0.094019,1.914599
0.100020,2.119070
0.106021,1.992342
0.112022,1.879416
0.118024,1.907210
0.124025,1.836895
0.130026,1.990959
0.136027,1.723362
0.142028,1.697498
0.148030,1.997842
0.154031,2.061281
0.160032,1.886798
0.166033,1.845241
0.172034,1.893692
0.178036,1.757259
0.184037,1.833088
0.190038,1.813853
0.196039,1.866617
0.202040,1.642160
0.208042,1.741255
0.214043,1.870457
0.220044,1.712397
0.226045,1.674619
0.232046,1.972161
0.238048,1.765764
0.244049,1.698059
0.250050,1.580713
0.256051,1.816883
0.262052,1.807861
0.268054,1.702070
0.274055,1.615722
0.280056,1.717489
0.286057,1.630357
0.292058,1.613732
0.298060,1.691619
0.304061,1.590800
0.310062,1.714603
0.316063,1.744736
0.322064,1.593972
0.328066,1.535110
0.334067,1.822061
0.340068,1.565905
0.346069,1.587937
0.352070,1.669231
0.358072,1.701865
0.364073,1.610295
0.370074,1.676005
0.376075,1.583826
0.382076,1.520807
0.388078,1.754554
0.394079,1.854765
0.400080,1.769517
0.406081,1.608099
0.412082,1.771261
0.418084,1.617487
0.424085,1.528187
0.430086,1.616552
0.436087,1.554474
0.442088,1.459600
0.448090,1.462078
0.454091,1.626114
0.460092,1.355255
0.466093,1.594320
0.472094,1.364947
0.478096,1.309787
0.484097,1.332019
0.490098,1.706578
0.496099,1.484277
0.502100,1.506558
0.508102,1.633824
0.514103,1.579315
0.520104,1.340745
0.526105,1.560795
0.532106,1.486312
0.538108,1.427725
0.544109,1.458320
0.550110,1.577871
0.556111,1.355292
0.562112,1.477976
0.568114,1.430921
0.574115,1.246169
0.580116,1.339659
0.586117,1.433204
0.592118,1.537616
0.598120,1.502013
0.604121,1.455600
0.610122,1.308350
0.616123,1.563998
0.622124,1.399400
0.628126,1.271238
0.634127,1.347583
0.640128,1.449497
0.646129,1.354633
0.652130,1.436556
0.658132,1.452238
0.664133,1.375920
0.670134,1.244096
0.676135,1.337410
0.682136,1.322380
0.688138,1.497797
0.694139,1.143229
0.700140,1.286378
0.706141,1.235449
0.712142,1.321368
0.718144,1.038100
0.724145,1.387348
0.730146,1.271229
0.736147,1.079383
0.742148,1.221740
0.748150,1.312747
0.754151,1.086704
0.760152,1.240170
0.766153,1.128099
0.772154,1.172247
0.778156,1.224518
0.784157,1.234188
0.790158,1.162768
0.796159,1.231120
0.802160,1.279637
0.808162,1.163947
0.814163,1.328994
0.820164,1.326057
0.826165,1.130965
0.832166,1.104050
0.838168,0.995415
0.844169,1.143174
0.850170,1.113486
0.856171,1.221734
0.862172,0.986861
0.868174,1.104087
0.874175,1.222700
0.880176,1.046788
0.886177,1.037587
0.892178,0.963128
0.898180,1.363878
0.904181,1.021072
0.910182,0.959783
0.916183,1.003432
0.922184,1.000386
0.928186,1.044875
0.934187,1.148350
0.940188,1.029980
0.946189,0.961528
0.952190,0.902676
0.958192,1.043994
0.964193,1.040061
0.970194,1.182899
0.976195,1.033050
0.982196,1.007903
0.988198,0.906737
0.994199,0.975206
1.000200,0.955953
1.006201,0.956782
1.012202,0.891872
1.018204,1.035629
1.024205,0.961551
1.030206,0.949759
1.036207,0.792388
1.042208,1.007156
1.048210,1.000492
1.054211,0.861876
1.060212,1.038800
1.066213,0.797311
1.072214,0.925599
1.078216,0.894664
1.084217,0.784066
1.090218,0.928752
1.096219,1.074038
1.102220,0.904543
1.108222,0.845476
1.114223,0.930480
1.120224,0.890348
1.126225,0.876551
1.132226,0.825219
1.138228,1.003970
1.144229,0.901407
1.150230,0.796903
1.156231,0.832968
1.162232,0.763681
1.168234,0.770937
1.174235,0.761693
1.180236,0.706333
1.186237,0.891490
1.192238,0.778657
1.198240,0.857173
1.204241,0.728747
1.210242,0.783722
1.216243,0.712653
1.222244,0.849722
1.228246,0.746912
1.234247,0.692666
1.240248,0.595582
1.246249,0.781317
1.252250,0.676911
1.258252,0.740170
1.264253,0.686574
1.270254,0.825165
1.276255,0.778159
1.282256,0.762465
1.288258,0.650130
1.294259,0.752370
1.300260,0.871223
1.306261,0.610520
1.312262,0.704971
1.318264,0.516815
1.324265,0.815591
1.330266,0.629943
1.336267,0.741991
1.342268,0.485409
1.348270,0.831484
1.354271,0.610042
1.360272,0.694294
1.366273,0.648809
1.372274,0.602178
1.378276,0.790304
1.384277,0.450919
1.390278,0.639593
1.396279,0.694785
1.402280,0.594734
1.408282,0.579901
1.414283,0.571448
1.420284,0.456952
1.426285,0.577527
1.432286,0.618985
1.438288,0.568572
1.444289,0.528484
1.450290,0.500737
1.456291,0.515779
1.462292,0.663482
1.468294,0.323043
1.474295,0.529712
1.480296,0.486928
1.486297,0.659284
1.492298,0.513251
1.498300,0.650193
1.504301,0.283310
1.510302,0.535656
1.516303,0.511703
1.522304,0.616749
1.528306,0.307559
1.534307,0.450190
1.540308,0.466298
1.546309,0.404111
1.552310,0.569347
1.558312,0.407820
1.564313,0.639163
1.570314,0.535104
1.576315,0.518768
1.582316,0.473613
1.588318,0.305313
1.594319,0.362572
1.600320,0.456955
1.606321,0.461434
1.612322,0.518396
1.618324,0.334932
1.624325,0.289660
1.630326,0.455584
1.636327,0.282710
1.642328,0.445003
1.648330,0.471644
1.654331,0.391284
1.660332,0.303910
1.666333,0.337775
1.672334,0.387012
1.678336,0.322683
1.684337,0.535493
1.690338,0.210595
1.696339,0.203394
1.702340,0.199970
1.708342,0.232700
1.714343,0.067764
1.720344,0.216691
1.726345,0.208326
1.732346,0.275505
1.738348,0.303432
1.744349,0.131629
1.750350,0.339655
1.756351,0.423873
1.762352,0.216819
1.768354,0.389083
1.774355,0.245544
1.780356,0.418517
1.786357,0.325371
1.792358,0.051251
1.798360,0.203503
1.804361,0.301072
1.810362,0.192693
1.816363,0.179948
1.822364,0.304612
1.828366,0.100649
1.834367,0.167385
1.840368,0.191995
1.846369,0.120252
1.852370,0.145617
1.858372,0.219131
1.864373,0.178911
1.870374,0.048754
1.876375,0.013212
1.882376,0.038713
1.888378,0.111747
1.894379,0.089627
1.900380,0.016424
1.906381,0.033804
1.912382,-0.064386
1.918384,0.123402
1.924385,0.071613
1.930386,-0.056365
1.936387,0.066475
1.942388,0.191874
1.948390,-0.022383
1.954391,0.177123
1.960392,0.007262
1.966393,0.053390
1.972394,0.037381
1.978396,0.161757
1.984397,0.031447
1.990398,-0.104588
1.996399,-0.127496
2.002400,-0.155693
2.008402,-0.179599
2.014403,-0.009789
2.020404,-0.116242
2.026405,-0.034486
2.032406,-0.102792
2.038408,-0.115486
2.044409,-0.092493
2.050410,0.019948
2.056411,0.036503
2.062412,-0.025295
2.068414,-0.167396
2.074415,-0.010052
2.080416,-0.011526
2.086417,-0.058953
2.092418,-0.152781
2.098420,-0.027534
2.104421,-0.062139
2.110422,-0.422108
2.116423,-0.051978
2.122424,-0.313799
2.128426,-0.062070
2.134427,-0.149834
2.140428,-0.021067
2.146429,-0.156245
2.152430,-0.241092
2.158432,-0.173167
2.164433,-0.058452
2.170434,-0.167809
2.176435,-0.187869
2.182436,-0.108081
2.188438,-0.167402
2.194439,-0.195032
2.200440,-0.063834
2.206441,-0.050930
2.212442,-0.151110
2.218444,-0.247040
2.224445,-0.074754
2.230446,-0.112134
2.236447,-0.164558
2.242448,-0.364056
2.248450,-0.234382
2.254451,-0.328818
2.260452,-0.276353
2.266453,-0.242448
2.272454,-0.262439
2.278456,-0.325973
2.284457,-0.157162
2.290458,-0.460071
2.296459,-0.223441
2.302460,-0.488209
2.308462,-0.270202
2.314463,-0.403153
2.320464,-0.232634
2.326465,-0.317820
2.332466,-0.307696
2.338468,-0.440296
2.344469,-0.409926
2.350470,-0.329748
2.356471,-0.298114
2.362472,-0.069563
2.368474,-0.346188
2.374475,-0.276871
2.380476,-0.536169
2.386477,-0.519466
2.392478,-0.428028
2.398480,-0.518222
2.404481,-0.255841
2.410482,-0.451504
2.416483,-0.278265
2.422484,-0.273806
2.428486,-0.424208
2.434487,-0.384307
2.440488,-0.446098
2.446489,-0.392646
2.452490,-0.404156
2.458492,-0.470857
2.464493,-0.413996
2.470494,-0.298124
2.476495,-0.405194
2.482496,-0.449917
2.488498,-0.476021
2.494499,-0.595766
2.500500,-0.603230
2.506501,-0.474166
2.512503,-0.649442
2.518504,-0.595136
2.524505,-0.396354
2.530506,-0.339083
2.536507,-0.703103
2.542509,-0.379844
2.548510,-0.569654
2.554511,-0.556011
2.560512,-0.571853
2.566513,-0.458459
2.572515,-0.733282
2.578516,-0.532899
2.584517,-0.679004
2.590518,-0.533439
2.596519,-0.442240
2.602521,-0.602562
2.608522,-0.571106
2.614523,-0.573568
2.620524,-0.700483
2.626525,-0.475361
2.632527,-0.461880
2.638528,-0.568349
2.644529,-0.637200
2.650530,-0.696719
2.656531,-0.719180
2.662533,-0.491449
2.668534,-0.527092
2.674535,-0.680901
2.680536,-0.838529
2.686537,-0.969738
2.692539,-0.800881
2.698540,-0.711602
2.704541,-0.564472
2.710542,-0.775708
2.716543,-0.666062
2.722545,-0.592226
2.728546,-0.715692
2.734547,-0.748792
2.740548,-0.871424
2.746549,-0.866797
2.752551,-0.710941
2.758552,-0.778642
2.764553,-0.752300
2.770554,-0.775282
2.776555,-0.710141
2.782557,-0.861025
2.788558,-0.822116
2.794559,-0.604941
2.800560,-0.880539
2.806561,-0.834719
2.812563,-0.871501
2.818564,-0.774086
2.824565,-0.722326
2.830566,-0.880387
2.836567,-0.879709
2.842569,-0.870467
2.848570,-0.795586
2.854571,-0.928510
2.860572,-0.898168
2.866573,-1.103793
2.872575,-1.010749
2.878576,-0.889820
2.884577,-0.794790
2.890578,-0.861071
2.896579,-1.006456
2.902581,-1.042606
2.908582,-0.891114
2.914583,-1.079863
2.920584,-0.813991
2.926585,-0.920196
2.932587,-1.093319
2.938588,-1.035183
2.944589,-1.017020
2.950590,-1.027909
2.956591,-1.105585
2.962593,-1.050059
2.968594,-1.037034
2.974595,-1.045723
2.980596,-0.867800
2.986597,-0.976115
2.992599,-1.091924
2.998600,-1.032062
3.004601,-1.092557
3.010602,-1.040603
3.016603,-0.929052
3.022605,-0.997377
3.028606,-0.800046
3.034607,-0.997014
3.040608,-1.131968
3.046609,-0.965635
3.052611,-0.944617
3.058612,-0.949195
3.064613,-1.174037
3.070614,-1.085378
3.076615,-0.963434
3.082617,-1.251089
3.088618,-1.138559
3.094619,-1.237313
3.100620,-1.193877
3.106621,-1.207867
3.112623,-0.987566
3.118624,-1.142078
3.124625,-1.210960
3.130626,-1.234187
3.136627,-1.122461
3.142629,-1.143742
3.148630,-1.014222
3.154631,-1.104629
3.160632,-1.303812
3.166633,-1.229531
3.172635,-1.065627
3.178636,-1.240744
3.184637,-1.011180
3.190638,-1.300467
3.196639,-1.139378
3.202641,-1.288762
3.208642,-1.259601
3.214643,-1.104785
3.220644,-1.233351
3.226645,-1.145300
3.232647,-1.185317
3.238648,-1.163261
3.244649,-1.333468
3.250650,-1.272808
3.256651,-1.214226
3.262653,-1.347560
3.268654,-1.105704
3.274655,-1.352378
3.280656,-1.310656
3.286657,-1.387313
3.292659,-1.506989
3.298660,-1.118968
3.304661,-1.325095
3.310662,-1.355454
3.316663,-1.336535
3.322665,-1.180678
3.328666,-1.425176
3.334667,-1.266710
3.340668,-1.383047
3.346669,-1.406336
3.352671,-1.295965
3.358672,-1.259848
3.364673,-1.416063
3.370674,-1.447559
3.376675,-1.493585
3.382677,-1.272326
3.388678,-1.446203
3.394679,-1.579592
3.400680,-1.259685
3.406681,-1.543667
3.412683,-1.334736
3.418684,-1.400341
3.424685,-1.395893
3.430686,-1.489124
3.436687,-1.400128
3.442689,-1.609467
3.448690,-1.389886
3.454691,-1.298990
3.460692,-1.372289
3.466693,-1.668647
3.472695,-1.571115
3.478696,-1.497475
3.484697,-1.436003
3.490698,-1.501363
3.496699,-1.546021
3.502701,-1.443171
3.508702,-1.392287
3.514703,-1.537932
3.520704,-1.447811
3.526705,-1.784610
3.532707,-1.626457
3.538708,-1.570834
3.544709,-1.593566
3.550710,-1.517430
3.556711,-1.455336
3.562713,-1.512046
3.568714,-1.630936
3.574715,-1.726992
3.580716,-1.525020
3.586717,-1.770535
3.592719,-1.527415
3.598720,-1.617565
3.604721,-1.722304
3.610722,-1.581996
3.616723,-1.617011
3.622725,-1.626384
3.628726,-1.637148
3.634727,-1.592775
3.640728,-1.548285
3.646729,-1.597068
3.652731,-1.551517
3.658732,-1.663146
3.664733,-1.502887
3.670734,-1.613623
3.676735,-1.731105
3.682737,-1.792126
3.688738,-1.668158
3.694739,-1.825391
3.700740,-1.798078
3.706741,-1.682833
3.712743,-1.773531
3.718744,-1.812075
3.724745,-1.728192
3.730746,-1.723478
3.736747,-1.757331
3.742749,-1.780503
3.748750,-1.663285
3.754751,-1.720508
3.760752,-1.783095
3.766753,-1.520321
3.772755,-1.753371
3.778756,-1.665555
3.784757,-1.840855
3.790758,-1.927052
3.796759,-1.875935
3.802761,-1.829562
3.808762,-1.858423
3.814763,-1.681124
3.820764,-1.832768
3.826765,-1.780618
3.832767,-1.837415
3.838768,-1.882123
3.844769,-1.840969
3.850770,-1.679365
3.856771,-1.933566
3.862773,-1.786074
3.868774,-1.971374
3.874775,-1.920738
3.880776,-1.880418
3.886777,-1.854140
3.892779,-1.744466
3.898780,-1.903788
3.904781,-1.989143
3.910782,-1.845778
3.916783,-1.953200
3.922785,-1.898916
3.928786,-1.940408
3.934787,-2.129133
3.940788,-1.889958
3.946789,-1.888453
3.952791,-1.860130
3.958792,-1.778745
3.964793,-2.084303
3.970794,-1.919143
3.976795,-1.935866
3.982797,-2.024705
3.988798,-1.949087
3.994799,-1.944834
4.000800,-2.122669
4.006801,-1.982179
4.012803,-2.104601
4.018804,-2.083989
4.024805,-2.202279
4.030806,-2.078142
4.036807,-2.057164
4.042809,-1.987823
4.048810,-2.048720
4.054811,-2.209040
4.060812,-1.974597
4.066813,-2.078672
4.072815,-2.023978
4.078816,-1.982222
4.084817,-1.942556
4.090818,-1.894695
4.096819,-2.104043
4.102821,-2.071708
4.108822,-2.216658
4.114823,-2.008663
4.120824,-2.239313
4.126825,-2.307351
4.132827,-2.049788
4.138828,-2.190997
4.144829,-2.067068
4.150830,-2.110023
4.156831,-2.319832
4.162833,-2.434801
4.168834,-2.278494
4.174835,-2.173186
4.180836,-2.303014
4.186837,-2.252114
4.192839,-2.338733
4.198840,-2.181852
4.204841,-2.195758
4.210842,-2.258981
4.216843,-2.077137
4.222845,-2.073073
4.228846,-2.172319
4.234847,-2.414824
4.240848,-2.351317
4.246849,-2.206136
4.252851,-2.315706
4.258852,-2.307561
4.264853,-2.174956
4.270854,-2.219767
4.276855,-2.145440
4.282857,-2.325778
4.288858,-2.151335
4.294859,-2.350272
4.300860,-2.150911
4.306861,-2.296278
4.312863,-2.398914
4.318864,-2.481986
4.324865,-2.355012
4.330866,-2.356489
4.336867,-2.251101
4.342869,-2.353928
4.348870,-2.392113
4.354871,-2.247167
4.360872,-2.383355
4.366873,-2.424498
4.372875,-2.315414
4.378876,-2.427859
4.384877,-2.318997
4.390878,-2.450570
4.396879,-2.419175
4.402881,-2.387663
4.408882,-2.446294
4.414883,-2.416228
4.420884,-2.339337
4.426885,-2.385825
4.432887,-2.384790
4.438888,-2.502431
4.444889,-2.359606
4.450890,-2.383934
4.456891,-2.356449
4.462893,-2.535529
4.468894,-2.486140
4.474895,-2.411542
4.480896,-2.541778
4.486897,-2.509510
4.492899,-2.300318
4.498900,-2.303724
4.504901,-2.380907
4.510902,-2.417044
4.516903,-2.618828
4.522905,-2.471648
4.528906,-2.564817
4.534907,-2.640764
4.540908,-2.591809
4.546909,-2.535343
4.552911,-2.607646
4.558912,-2.613992
4.564913,-2.485709
4.570914,-2.556504
4.576915,-2.553570
4.582917,-2.571729
4.588918,-2.656488
4.594919,-2.731976
4.600920,-2.569864
4.606921,-2.657625
4.612923,-2.814001
4.618924,-2.658181
4.624925,-2.734147
4.630926,-2.561061
4.636927,-2.584765
4.642929,-2.593239
4.648930,-2.715434
4.654931,-2.581776
4.660932,-2.628967
4.666933,-2.707919
4.672935,-2.718268
4.678936,-2.589665
4.684937,-2.732297
4.690938,-2.660573
4.696939,-2.593544
4.702941,-2.512006
4.708942,-2.542554
4.714943,-2.624861
4.720944,-2.871535
4.726945,-2.795850
4.732947,-2.787755
4.738948,-2.573633
4.744949,-2.814881
4.750950,-2.712334
4.756951,-2.746865
4.762953,-2.856465
4.768954,-2.730771
4.774955,-2.735125
4.780956,-2.906534
4.786957,-2.664670
4.792959,-3.001610
4.798960,-2.858036
4.804961,-2.707764
4.810962,-2.930288
4.816963,-2.781937
4.822965,-2.952601
4.828966,-2.838268
4.834967,-3.066344
4.840968,-2.925225
4.846969,-3.001262
4.852971,-2.893147
4.858972,-2.900495
4.864973,-2.932339
4.870974,-2.791183
4.876975,-2.965663
4.882977,-2.819538
4.888978,-2.726050
4.894979,-2.881073
4.900980,-2.986747
4.906981,-3.031915
4.912983,-2.983961
4.918984,-2.848520
4.924985,-2.909426
4.930986,-2.837307
4.936987,-2.859954
4.942989,-2.928908
4.948990,-2.901641
4.954991,-2.769466
4.960992,-2.819427
4.966993,-2.997268
4.972995,-2.874027
4.978996,-2.920411
4.984997,-2.871358
4.990998,-2.923837
4.996999,-3.094416
5.003001,-3.164969
5.009002,-2.951739
5.015003,-2.824741
5.021004,-3.098571
5.027005,-3.045814
5.033007,-3.136581
5.039008,-2.921225
5.045009,-3.275526
5.051010,-3.277376
5.057011,-3.019509
5.063013,-3.071247
5.069014,-3.116976
5.075015,-3.105124
5.081016,-3.027317
5.087017,-3.128398
5.093019,-3.202711
5.099020,-3.191756
5.105021,-3.016187
5.111022,-3.163496
5.117023,-3.255551
5.123025,-3.112807
5.129026,-3.078526
5.135027,-3.002131
5.141028,-3.119238
5.147029,-3.213001
5.153031,-3.105630
5.159032,-3.086314
5.165033,-3.168924
5.171034,-3.175494
5.177035,-3.151022
5.183037,-3.190022
5.189038,-3.164026
5.195039,-3.297230
5.201040,-3.316084
5.207041,-3.290653
5.213043,-3.148822
5.219044,-3.193164
5.225045,-3.121021
5.231046,-3.249715
5.237047,-3.351412
5.243049,-3.128593
5.249050,-3.250927
5.255051,-3.126706
5.261052,-3.201258
5.267053,-3.048192
5.273055,-3.295032
5.279056,-3.188983
5.285057,-3.195921
5.291058,-3.346571
5.297059,-3.314308
5.303061,-3.449234
5.309062,-3.463941
5.315063,-3.302406
5.321064,-3.241764
5.327065,-3.263263
5.333067,-3.299064
5.339068,-3.252766
5.345069,-3.404039
5.351070,-3.378323
5.357071,-3.283319
5.363073,-3.319761
5.369074,-3.390093
5.375075,-3.242996
5.381076,-3.510276
5.387077,-3.438945
5.393079,-3.421418
5.399080,-3.317426
5.405081,-3.404842
5.411082,-3.537231
5.417083,-3.365683
5.423085,-3.314330
5.429086,-3.355155
5.435087,-3.373172
5.441088,-3.628520
5.447089,-3.537078
5.453091,-3.404883
5.459092,-3.464581
5.465093,-3.412837
5.471094,-3.597728
5.477095,-3.483245
5.483097,-3.622075
5.489098,-3.684466
5.495099,-3.465521
5.501100,-3.416841
5.507101,-3.482540
5.513103,-3.516402
5.519104,-3.675305
5.525105,-3.424494
5.531106,-3.535511
5.537107,-3.341151
5.543109,-3.448877
5.549110,-3.749622
5.555111,-3.479606
5.561112,-3.700766
5.567113,-3.643063
5.573115,-3.598190
5.579116,-3.588522
5.585117,-3.545361
5.591118,-3.693404
5.597119,-3.712189
5.603121,-3.543060
5.609122,-3.610447
5.615123,-3.597686
5.621124,-3.840493
5.627125,-3.644839
5.633127,-3.722200
5.639128,-3.731190
5.645129,-3.552936
5.651130,-3.760697
5.657131,-3.766421
5.663133,-3.696234
5.669134,-3.624105
5.675135,-3.763536
5.681136,-3.557722
5.687137,-3.542153
5.693139,-3.781283
5.699140,-3.723648
5.705141,-3.783009
5.711142,-3.879680
5.717143,-3.686842
5.723145,-3.649785
5.729146,-3.527959
5.735147,-3.824888
5.741148,-3.607525
5.747149,-3.612914
5.753151,-3.733365
5.759152,-3.698935
5.765153,-3.677826
5.771154,-3.573744
5.777155,-3.729375
5.783157,-3.789170
5.789158,-3.875775
5.795159,-3.764627
5.801160,-3.698744
5.807161,-3.782700
5.813163,-3.891155
5.819164,-3.810256
5.825165,-3.838080
5.831166,-3.804692
5.837167,-4.003352
5.843169,-3.788090
5.849170,-3.789628
5.855171,-3.810686
5.861172,-3.861549
5.867173,-4.047767
5.873175,-3.875107
5.879176,-3.773104
5.885177,-3.971190
5.891178,-4.090105
5.897179,-4.051235
5.903181,-3.871778
5.909182,-3.871894
5.915183,-3.826554
5.921184,-3.926710
5.927185,-4.077218
5.933187,-4.015037
5.939188,-3.857304
5.945189,-3.931139
5.951190,-3.886207
5.957191,-3.913713
5.963193,-3.983689
5.969194,-3.986595
5.975195,-3.789485
5.981196,-3.939729
5.987197,-4.000056
5.993199,-3.947657
5.999200,-3.976909
6.005201,-4.220937
6.011202,-3.946194
6.017203,-3.835110
6.023205,-4.101233
6.029206,-3.883802
6.035207,-4.060894
6.041208,-4.011861
6.047209,-3.940173
6.053211,-4.125211
6.059212,-3.934962
6.065213,-4.186635
6.071214,-4.158730
6.077215,-4.136567
6.083217,-4.017016
6.089218,-4.123305
6.095219,-4.247216
6.101220,-4.122874
6.107221,-4.185644
6.113223,-4.040093
6.119224,-4.153547
6.125225,-4.118148
6.131226,-4.171773
6.137227,-4.093834
6.143229,-4.161588
6.149230,-4.116710
6.155231,-4.414570
6.161232,-4.151507
6.167233,-4.125842
6.173235,-4.193163
6.179236,-4.112297
6.185237,-4.111376
6.191238,-4.060817
6.197239,-4.186758
6.203241,-4.394621
6.209242,-4.437792
6.215243,-4.375427
6.221244,-4.225035
6.227245,-4.242976
6.233247,-4.205623
6.239248,-4.301772
6.245249,-4.318898
6.251250,-4.195745
6.257251,-4.191659
6.263253,-4.288918
6.269254,-4.273102
6.275255,-4.234824
6.281256,-4.230822
6.287257,-4.401656
6.293259,-4.365216
6.299260,-4.422314
6.305261,-4.355952
6.311262,-4.230029
6.317263,-4.262636
6.323265,-4.433074
6.329266,-4.278039
6.335267,-4.326683
6.341268,-4.390661
6.347269,-4.487915
6.353271,-4.370753
6.359272,-4.291277
6.365273,-4.581583
6.371274,-4.410887
6.377275,-4.151847
6.383277,-4.316013
6.389278,-4.363295
6.395279,-4.468998
6.401280,-4.469113
6.407281,-4.415610
6.413283,-4.252996
6.419284,-4.372725
6.425285,-4.512501
6.431286,-4.313608
6.437287,-4.466547
6.443289,-4.273554
6.449290,-4.505950
6.455291,-4.555618
6.461292,-4.443829
6.467293,-4.369061
6.473295,-4.369550
6.479296,-4.463377
6.485297,-4.584107
6.491298,-4.541832
6.497299,-4.699128
6.503301,-4.594613
6.509302,-4.527148
6.515303,-4.476403
6.521304,-4.555250
6.527305,-4.533003
6.533307,-4.572925
6.539308,-4.464205
6.545309,-4.635220
6.551310,-4.467555
6.557311,-4.361223
6.563313,-4.516034
6.569314,-4.622023
6.575315,-4.628942
6.581316,-4.460333
6.587317,-4.699976
6.593319,-4.688699
6.599320,-4.715765
6.605321,-4.733172
6.611322,-4.715804
6.617323,-4.538333
6.623325,-4.513096
6.629326,-4.699033
6.635327,-4.614594
6.641328,-4.565413
6.647329,-4.637273
6.653331,-4.748825
6.659332,-4.806372
6.665333,-4.564290
6.671334,-4.621716
6.677335,-4.619640
6.683337,-4.794101
6.689338,-4.665840
6.695339,-4.632439
6.701340,-4.669937
6.707341,-4.781844
6.713343,-4.612117
6.719344,-4.872107
6.725345,-4.632471
6.731346,-4.623241
6.737347,-4.580114
6.743349,-4.777598
6.749350,-4.849293
6.755351,-4.675963
6.761352,-4.831274
6.767353,-4.762954
6.773355,-4.805101
6.779356,-4.869563
6.785357,-4.753257
6.791358,-4.930560
6.797359,-4.738139
6.803361,-4.900054
6.809362,-4.982535
6.815363,-4.820374
6.821364,-4.778201
6.827365,-4.769672
6.833367,-4.751531
6.839368,-5.074732
6.845369,-4.945884
6.851370,-4.840705
6.857371,-4.705471
6.863373,-4.784998
6.869374,-4.679240
6.875375,-4.927869
6.881376,-4.853935
6.887377,-4.997375
6.893379,-4.933814
6.899380,-4.972909
6.905381,-4.968780
6.911382,-4.950727
6.917383,-4.917112
6.923385,-4.921163
6.929386,-4.875041
6.935387,-4.921388
6.941388,-4.975793
6.947389,-4.999647
6.953391,-4.984104
6.959392,-5.004296
6.965393,-4.916296
6.971394,-4.884842
6.977395,-4.849991
6.983397,-5.063167
6.989398,-4.942461
6.995399,-5.134867
7.001400,-4.964083
7.007401,-4.899134
7.013403,-5.028362
7.019404,-4.912140
7.025405,-5.139262
7.031406,-5.120271
7.037407,-5.050988
7.043409,-4.941188
7.049410,-5.091153
7.055411,-5.100766
7.061412,-5.160575
7.067413,-5.047125
7.073415,-4.948745
7.079416,-5.009348
7.085417,-5.015752
7.091418,-5.112116
7.097419,-5.153750
7.103421,-5.035696
7.109422,-5.112613
7.115423,-5.132784
7.121424,-5.031600
7.127425,-5.147204
7.133427,-5.217204
7.139428,-5.048509
7.145429,-5.137357
7.151430,-5.255133
7.157431,-5.268722
7.163433,-5.153891
7.169434,-4.935693
7.175435,-5.214717
7.181436,-5.215064
7.187437,-5.035060
7.193439,-5.199167
7.199440,-5.344287
7.205441,-5.362721
7.211442,-5.088776
7.217443,-5.150808
7.223445,-5.140832
7.229446,-5.235222
7.235447,-5.308118
7.241448,-5.263165
7.247449,-5.233846
7.253451,-5.337282
7.259452,-5.203307
7.265453,-5.391413
7.271454,-5.304730
7.277455,-5.297856
7.283457,-5.352559
7.289458,-5.510008
7.295459,-5.250672
7.301460,-5.377035
7.307461,-5.174891
7.313463,-5.347661
7.319464,-5.373600
7.325465,-5.316313
7.331466,-5.226122
7.337467,-5.393808
7.343469,-5.241995
7.349470,-5.205440
7.355471,-5.256439
7.361472,-5.198829
7.367473,-5.238209
7.373475,-5.221986
7.379476,-5.219043
7.385477,-5.364670
7.391478,-5.434401
7.397479,-5.623704
7.403481,-5.535754
7.409482,-5.454310
7.415483,-5.453657
7.421484,-5.436764
7.427485,-5.527562
7.433487,-5.593064
7.439488,-5.452510
7.445489,-5.464431
7.451490,-5.532246
7.457491,-5.531707
7.463493,-5.557508
7.469494,-5.509146
7.475495,-5.561125
7.481496,-5.355509
7.487497,-5.463398
7.493499,-5.590730
7.499500,-5.527545
7.505501,-5.623530
7.511502,-5.410285
7.517504,-5.379085
7.523505,-5.398305
7.529506,-5.643975
7.535507,-5.544634
7.541508,-5.581665
7.547510,-5.491308
7.553511,-5.654302
7.559512,-5.627101
7.565513,-5.606835
7.571514,-5.556185
7.577516,-5.508103
7.583517,-5.616389
7.589518,-5.523121
7.595519,-5.513311
7.601520,-5.622842
7.607522,-5.732087
7.613523,-5.730642
7.619524,-5.560351
7.625525,-5.673148
7.631526,-5.802789
7.637528,-5.576232
7.643529,-5.630573
7.649530,-5.790127
7.655531,-5.537589
7.661532,-5.577869
7.667534,-5.653659
7.673535,-5.800967
7.679536,-5.819769
7.685537,-5.716244
7.691538,-5.862930
7.697540,-5.657031
7.703541,-5.844623
7.709542,-5.693051
7.715543,-5.744356
7.721544,-5.650366
7.727546,-5.821340
7.733547,-5.706174
7.739548,-5.879032
7.745549,-5.665994
7.751550,-5.763046
7.757552,-5.707966
7.763553,-5.895605
7.769554,-5.719645
7.775555,-5.744935
7.781556,-5.745187
7.787558,-5.756294
7.793559,-5.812905
7.799560,-5.675430
7.805561,-5.821151
7.811562,-5.885479
7.817564,-5.823436
7.823565,-5.918617
7.829566,-5.875966
7.835567,-5.853292
7.841568,-5.879524
7.847570,-5.827630
7.853571,-5.658995
7.859572,-5.802477
7.865573,-5.758343
7.871574,-5.921945
7.877576,-5.936277
7.883577,-5.921395
7.889578,-5.804289
7.895579,-6.110391
7.901580,-6.004897
7.907582,-5.897348
7.913583,-5.935992
7.919584,-5.722811
7.925585,-5.880817
7.931586,-5.997805
7.937588,-6.095348
7.943589,-5.977645
7.949590,-6.079912
7.955591,-5.908916
7.961592,-5.945482
7.967594,-5.935590
7.973595,-5.765677
7.979596,-6.070343
7.985597,-6.004838
7.991598,-6.112850
7.997600,-6.005659
8.003601,-5.844273
8.009602,-5.952730
8.015603,-6.027052
8.021604,-5.996441
8.027606,-6.148691
8.033607,-6.072980
8.039608,-6.031083
8.045609,-6.035667
8.051610,-6.204672
8.057612,-6.024849
8.063613,-6.035693
8.069614,-6.107319
8.075615,-6.075198
8.081616,-6.229965
8.087618,-6.235597
8.093619,-6.080150
8.099620,-6.166392
8.105621,-6.106777
8.111622,-6.027673
8.117624,-6.135017
8.123625,-6.404692
8.129626,-6.144691
8.135627,-6.183732
8.141628,-6.165098
8.147630,-6.057656
8.153631,-6.311484
8.159632,-6.135236
8.165633,-6.008603
8.171634,-6.234229
8.177636,-6.130403
8.183637,-6.087006
8.189638,-6.168615
8.195639,-6.264149
8.201640,-6.272592
8.207642,-6.133262
8.213643,-6.154428
8.219644,-6.298291
8.225645,-6.343292
8.231646,-6.359727
8.237648,-6.071482
8.243649,-6.250443
8.249650,-6.013627
8.255651,-6.200097
8.261652,-6.217700
8.267654,-6.237026
8.273655,-6.173740
8.279656,-6.376262
8.285657,-6.069656
8.291658,-6.301689
8.297660,-6.368000
8.303661,-6.273405
8.309662,-6.200428
8.315663,-6.416419
8.321664,-6.264977
8.327666,-6.399310
8.333667,-6.384294
8.339668,-6.388616
8.345669,-6.269315
8.351670,-6.462578
8.357672,-6.338410
8.363673,-6.398015
8.369674,-6.454395
8.375675,-6.497027
8.381676,-6.501965
8.387678,-6.551057
8.393679,-6.304062
8.399680,-6.423845
8.405681,-6.389816
8.411682,-6.293863
8.417684,-6.539695
8.423685,-6.517839
8.429686,-6.404214
8.435687,-6.618095
8.441688,-6.499559
8.447690,-6.540179
8.453691,-6.420738
8.459692,-6.502274
8.465693,-6.264878
8.471694,-6.377905
8.477696,-6.563019
8.483697,-6.522428
8.489698,-6.524456
8.495699,-6.165042
8.501700,-6.652720
8.507702,-6.487348
8.513703,-6.722146
8.519704,-6.520398
8.525705,-6.334716
8.531706,-6.572552
8.537708,-6.427252
8.543709,-6.550320
8.549710,-6.591960
8.555711,-6.580877
8.561712,-6.620403
8.567714,-6.630319
8.573715,-6.706734
8.579716,-6.429036
8.585717,-6.625025
8.591718,-6.562341
8.597720,-6.685373
8.603721,-6.492022
8.609722,-6.637078
8.615723,-6.624826
8.621724,-6.804622
8.627726,-6.588128
8.633727,-6.452576
8.639728,-6.726636
8.645729,-6.691552
8.651730,-6.765563
8.657732,-6.644815
8.663733,-6.657330
8.669734,-6.599226
8.675735,-6.620588
8.681736,-6.762988
8.687738,-6.665243
8.693739,-6.726569
8.699740,-6.808843
8.705741,-6.718427
8.711742,-6.331576
8.717744,-6.486226
8.723745,-6.709762
8.729746,-6.555860
8.735747,-6.740285
8.741748,-6.747062
8.747750,-6.942707
8.753751,-6.849761
8.759752,-6.838102
8.765753,-6.755001
8.771754,-6.770356
8.777756,-6.835650
8.783757,-6.842638
8.789758,-6.806373
8.795759,-6.933900
8.801760,-6.863024
8.807762,-6.845891
8.813763,-6.938658
8.819764,-6.852788
8.825765,-6.909246
8.831766,-6.708228
8.837768,-6.862148
8.843769,-6.862723
8.849770,-6.806967
8.855771,-6.800074
8.861772,-7.035397
8.867774,-6.905452
8.873775,-6.964678
8.879776,-6.894293
8.885777,-6.939410
8.891778,-6.876071
8.897780,-6.995825
8.903781,-6.960557
8.909782,-6.968898
8.915783,-6.807524
8.921784,-6.884984
8.927786,-6.890897
8.933787,-6.962419
8.939788,-6.978260
8.945789,-6.889689
8.951790,-6.874047
8.957792,-6.956277
8.963793,-6.849628
8.969794,-6.842378
8.975795,-7.142265
8.981796,-6.938758
8.987798,-6.992058
8.993799,-6.954970
8.999800,-6.888202
9.005801,-7.097855
9.011802,-7.173830
9.017804,-6.907184
9.023805,-7.123653
9.029806,-7.098428
9.035807,-7.015345
9.041808,-7.110419
9.047810,-7.207031
9.053811,-7.050392
9.059812,-7.137960
9.065813,-7.006027
9.071814,-7.122422
9.077816,-7.146660
9.083817,-7.104817
9.089818,-6.984603
9.095819,-7.005029
9.101820,-7.211143
9.107822,-6.827851
9.113823,-7.146400
9.119824,-7.235066
9.125825,-7.037002
9.131826,-7.167994
9.137828,-6.922456
9.143829,-7.059088
9.149830,-7.169702
9.155831,-6.998300
9.161832,-7.076921
9.167834,-7.290723
9.173835,-7.084995
9.179836,-7.231485
9.185837,-7.194170
9.191838,-7.178733
9.197840,-7.285749
9.203841,-7.337175
9.209842,-7.173064
9.215843,-7.354667
9.221844,-7.479365
9.227846,-7.311456
9.233847,-7.200738
9.239848,-7.266836
9.245849,-7.119136
9.251850,-7.233475
9.257852,-7.334483
9.263853,-7.307811
9.269854,-7.413508
9.275855,-7.167275
9.281856,-7.419966
9.287858,-7.379898
9.293859,-7.309887
9.299860,-7.299625
9.305861,-7.456126
9.311862,-7.402416
9.317864,-7.291360
9.323865,-7.210892
9.329866,-7.294966
9.335867,-7.338448
9.341868,-7.498109
9.347870,-7.409604
9.353871,-7.301721
9.359872,-7.251777
9.365873,-7.276936
9.371874,-7.358067
9.377876,-7.257416
9.383877,-7.095731
9.389878,-7.449264
9.395879,-7.472191
9.401880,-7.250032
9.407882,-7.384335
9.413883,-7.402652
9.419884,-7.380647
9.425885,-7.491334
9.431886,-7.535366
9.437888,-7.515602
9.443889,-7.319294
9.449890,-7.593554
9.455891,-7.406026
9.461892,-7.517661
9.467894,-7.503230
9.473895,-7.399600
9.479896,-7.395497
9.485897,-7.451600
9.491898,-7.679210
9.497900,-7.340803
9.503901,-7.372881
9.509902,-7.500758
9.515903,-7.514877
9.521904,-7.341759
9.527906,-7.433183
9.533907,-7.536836
9.539908,-7.569142
9.545909,-7.565263
9.551910,-7.434187
9.557912,-7.453912
9.563913,-7.725255
9.569914,-7.523450
9.575915,-7.489503
9.581916,-7.732563
9.587918,-7.588214
9.593919,-7.771623
9.599920,-7.586971
9.605921,-7.814245
9.611922,-7.680097
9.617924,-7.679030
9.623925,-7.694810
9.629926,-7.484773
9.635927,-7.582376
9.641928,-7.681885
9.647930,-7.741237
9.653931,-7.677808
9.659932,-7.762843
9.665933,-7.568625
9.671934,-7.472258
9.677936,-7.572616
9.683937,-7.650768
9.689938,-7.706501
9.695939,-7.736450
9.701940,-7.527412
9.707942,-7.765535
9.713943,-7.557833
9.719944,-7.833098
9.725945,-7.755568
9.731946,-7.903352
9.737948,-7.722024
9.743949,-7.870322
9.749950,-7.583445
9.755951,-7.714724
9.761952,-7.708213
9.767954,-7.739686
9.773955,-7.883209
9.779956,-7.767544
9.785957,-7.602249
9.791958,-7.791103
9.797960,-7.899661
9.803961,-7.989195
9.809962,-7.881295
9.815963,-7.992186
9.821964,-7.738913
9.827966,-7.749849
9.833967,-7.921535
9.839968,-7.778570
9.845969,-7.903615
9.851970,-7.856532
9.857972,-7.820776
9.863973,-7.908369
9.869974,-7.828154
9.875975,-8.044548
9.881976,-7.870229
9.887978,-7.891473
9.893979,-8.098618
9.899980,-8.080949
9.905981,-8.091934
9.911982,-7.870552
9.917984,-7.905588
9.923985,-7.896589
9.929986,-8.062624
9.935987,-7.822090
9.941988,-7.843704
9.947990,-8.024686
9.953991,-7.836385
9.959992,-7.985084
9.965993,-8.143614
9.971994,-8.135264
9.977996,-7.904623
9.983997,-7.994402
9.989998,-7.901876
9.995999,-8.004837
10.002000,-7.975233
10.008002,-7.795649
10.014003,-7.874318
10.020004,-8.063287
10.026005,-7.988508
10.032006,-7.982562
10.038008,-7.961868
10.044009,-8.036908
10.050010,-8.099363
10.056011,-8.056373
10.062012,-8.110041
10.068014,-7.899677
10.074015,-7.949942
10.080016,-8.100378
10.086017,-8.043188
10.092018,-8.108564
10.098020,-7.978695
10.104021,-7.999133
10.110022,-8.053161
10.116023,-8.028897
10.122024,-8.055967
10.128026,-8.010619
10.134027,-8.080914
10.140028,-8.124838
10.146029,-8.203752
10.152030,-8.309205
10.158032,-8.160816
10.164033,-8.238138
10.170034,-8.164033
10.176035,-8.061986
10.182036,-8.164754
10.188038,-8.229538
10.194039,-8.279352
10.200040,-8.343054
10.206041,-8.072761
10.212042,-8.389712
10.218044,-8.311522
10.224045,-8.455365
10.230046,-8.261660
10.236047,-8.270276
10.242048,-8.282478
10.248050,-8.254363
10.254051,-8.336177
10.260052,-8.351418
10.266053,-8.084271
10.272054,-8.305461
10.278056,-8.187290
10.284057,-8.367734
10.290058,-8.128785
10.296059,-8.144641
10.302060,-8.278959
10.308062,-8.418015
10.314063,-8.305363
10.320064,-8.315334
10.326065,-8.302103
10.332066,-8.429888
10.338068,-8.490368
10.344069,-8.327833
10.350070,-8.351099
10.356071,-8.355864
10.362072,-8.259392
10.368074,-8.515590
10.374075,-8.273005
10.380076,-8.454399
10.386077,-8.425599
10.392078,-8.474656
10.398080,-8.389118
10.404081,-8.594663
10.410082,-8.466891
10.416083,-8.467659
10.422084,-8.295691
10.428086,-8.413016
10.434087,-8.364535
10.440088,-8.439494
10.446089,-8.550979
10.452090,-8.361370
10.458092,-8.542636
10.464093,-8.516717
10.470094,-8.451884
10.476095,-8.381541
10.482096,-8.502235
10.488098,-8.337045
10.494099,-8.551247
10.500100,-8.433541
10.506101,-8.505740
10.512102,-8.357435
10.518104,-8.496663
10.524105,-8.711836
10.530106,-8.421273
10.536107,-8.544262
10.542108,-8.597415
10.548110,-8.425813
10.554111,-8.587242
10.560112,-8.500113
10.566113,-8.642952
10.572114,-8.655727
10.578116,-8.397057
10.584117,-8.662820
10.590118,-8.648595
10.596119,-8.766951
10.602120,-8.439122
10.608122,-8.568322
10.614123,-8.590345
10.620124,-8.522610
10.626125,-8.759059
10.632126,-8.686231
10.638128,-8.647271
10.644129,-8.798976
10.650130,-8.518987
10.656131,-8.657974
10.662132,-8.694461
10.668134,-8.644511
10.674135,-8.749393
10.680136,-8.675625
10.686137,-8.343383
10.692138,-8.631670
10.698140,-8.531309
10.704141,-8.739649
10.710142,-8.785299
10.716143,-8.685173
10.722144,-8.856315
10.728146,-8.958841
10.734147,-8.660988
10.740148,-8.676014
10.746149,-8.662764
10.752150,-8.749333
10.758152,-8.560314
10.764153,-8.772886
10.770154,-8.825551
10.776155,-9.076805
10.782156,-8.786873
10.788158,-8.704970
10.794159,-8.793473
10.800160,-8.687738
10.806161,-8.576673
10.812162,-8.829497
10.818164,-8.695038
10.824165,-8.982750
10.830166,-8.727034
10.836167,-8.829818
10.842168,-8.864307
10.848170,-8.864510
10.854171,-8.869801
10.860172,-8.891052
10.866173,-8.846306
10.872174,-8.889604
10.878176,-8.993755
10.884177,-8.842471
10.890178,-8.950965
10.896179,-8.791381
10.902180,-8.905563
10.908182,-8.895479
10.914183,-9.119106
10.920184,-9.045852
10.926185,-8.832224
10.932186,-9.005568
10.938188,-8.991431
10.944189,-8.971983
10.950190,-8.813816
10.956191,-8.918777
10.962192,-8.831166
10.968194,-8.994968
10.974195,-8.952877
10.980196,-9.100520
10.986197,-8.868394
10.992198,-8.981334
10.998200,-8.993787
11.004201,-8.970369
11.010202,-8.865523
11.016203,-9.037653
11.022204,-8.855901
11.028206,-9.113358
11.034207,-8.991988
11.040208,-8.839286
11.046209,-9.095191
11.052210,-9.027685
11.058212,-8.970461
11.064213,-9.078003
11.070214,-9.220249
11.076215,-9.181811
11.082216,-9.024123
11.088218,-8.999066
11.094219,-9.015763
11.100220,-8.985577
11.106221,-9.099023
11.112222,-9.091399
11.118224,-9.270111
11.124225,-9.092492
11.130226,-9.068958
11.136227,-9.194548
11.142228,-9.077828
11.148230,-9.329819
11.154231,-9.079121
11.160232,-9.130204
11.166233,-8.955172
11.172234,-9.030926
11.178236,-9.027538
11.184237,-9.102497
11.190238,-9.125576
11.196239,-9.314402
11.202240,-9.235750
11.208242,-9.025569
11.214243,-9.359859
11.220244,-9.265272
11.226245,-9.368169
11.232246,-9.087151
11.238248,-9.294826
11.244249,-9.089795
11.250250,-9.291626
11.256251,-9.306664
11.262252,-9.134400
11.268254,-9.174370
11.274255,-9.545883
11.280256,-9.235142
11.286257,-9.226241
11.292258,-9.271278
11.298260,-9.364025
11.304261,-9.301420
11.310262,-9.350068
11.316263,-9.295131
11.322264,-9.342504
11.328266,-9.390458
11.334267,-9.317890
11.340268,-9.260024
11.346269,-9.317369
11.352270,-9.407635
11.358272,-9.324646
11.364273,-9.257294
11.370274,-9.210734
11.376275,-9.255520
11.382276,-9.328538
11.388278,-9.489190
11.394279,-9.530834
11.400280,-9.420518
11.406281,-9.547200
11.412282,-9.490761
11.418284,-9.435296
11.424285,-9.472706
11.430286,-9.463078
11.436287,-9.569088
11.442288,-9.419142
11.448290,-9.348639
11.454291,-9.509105
11.460292,-9.387717
11.466293,-9.200021
11.472294,-9.481476
11.478296,-9.413175
11.484297,-9.464620
11.490298,-9.393336
11.496299,-9.668164
11.502300,-9.607996
11.508302,-9.493955
11.514303,-9.425607
11.520304,-9.507252
11.526305,-9.692763
11.532306,-9.614668
11.538308,-9.617778
11.544309,-9.505410
11.550310,-9.626514
11.556311,-9.624392
11.562312,-9.453838
11.568314,-9.434782
11.574315,-9.615642
11.580316,-9.537826
11.586317,-9.774466
11.592318,-9.572486
11.598320,-9.479322
11.604321,-9.551643
11.610322,-9.600216
11.616323,-9.655188
11.622324,-9.687004
11.628326,-9.646234
11.634327,-9.789471
11.640328,-9.479282
11.646329,-9.589908
11.652330,-9.662574
11.658332,-9.720312
11.664333,-9.671367
11.670334,-9.590555
11.676335,-9.575190
11.682336,-9.772706
11.688338,-9.785691
11.694339,-9.486516
11.700340,-9.586681
11.706341,-9.635489
11.712342,-9.726207
11.718344,-9.625942
11.724345,-9.851668
11.730346,-9.577169
11.736347,-9.739924
11.742348,-9.663262
11.748350,-9.683728
11.754351,-9.767508
11.760352,-9.777889
11.766353,-9.644195
11.772354,-9.669705
11.778356,-9.955579
11.784357,-9.953597
11.790358,-9.884980
11.796359,-9.885714
11.802360,-9.914213
11.808362,-9.781151
11.814363,-9.860733
11.820364,-9.699752
11.826365,-9.681077
11.832366,-9.835235
11.838368,-9.670022
11.844369,-9.841947
11.850370,-9.893849
11.856371,-9.849893
11.862372,-9.767886
11.868374,-10.029820
11.874375,-9.895235
11.880376,-9.850636
11.886377,-9.850069
11.892378,-9.929222
11.898380,-9.849501
11.904381,-9.875169
11.910382,-9.969573
11.916383,-9.698223
11.922384,-9.878429
11.928386,-9.961504
11.934387,-9.991559
11.940388,-9.837447
11.946389,-9.936183
11.952390,-9.697579
11.958392,-10.001984
11.964393,-10.088654
11.970394,-9.973164
11.976395,-9.958889
11.982396,-10.194242
11.988398,-10.019315
11.994399,-10.031240
12.000400,-10.037276
12.006401,-10.069424
12.012402,-10.146722
12.018404,-9.942600
12.024405,-10.082789
12.030406,-10.132776
12.036407,-10.112401
12.042408,-10.089641
12.048410,-10.037545
12.054411,-9.987577
12.060412,-10.155730
12.066413,-10.114343
12.072414,-10.206965
12.078416,-10.417646
12.084417,-10.068837
12.090418,-9.938418
12.096419,-10.044211
12.102420,-10.153126
12.108422,-10.098774
12.114423,-10.231905
12.120424,-10.132653
12.126425,-10.169196
12.132426,-10.217698
12.138428,-10.097862
12.144429,-9.884442
12.150430,-9.983885
12.156431,-10.163639
12.162432,-10.074021
12.168434,-10.082163
12.174435,-10.239189
12.180436,-10.116046
12.186437,-10.330536
12.192438,-10.272968
12.198440,-10.174564
12.204441,-10.245920
12.210442,-10.034794
12.216443,-10.151639
12.222444,-10.260648
12.228446,-10.275504
12.234447,-10.215750
12.240448,-10.346001
12.246449,-10.186888
12.252450,-10.389981
12.258452,-10.196151
12.264453,-10.280912
12.270454,-10.228993
12.276455,-10.377714
12.282456,-10.257958
12.288458,-10.047223
12.294459,-10.340181
12.300460,-10.268720
12.306461,-10.155905
12.312462,-10.236292
12.318464,-10.275275
12.324465,-10.425834
12.330466,-10.458225
12.336467,-10.331124
12.342468,-10.388792
12.348470,-10.350376
12.354471,-10.333905
12.360472,-10.428115
12.366473,-10.317063
12.372474,-10.186619
12.378476,-10.479410
12.384477,-10.431432
12.390478,-10.395439
12.396479,-10.282433
12.402480,-10.521119
12.408482,-10.514997
12.414483,-10.630849
12.420484,-10.464520
12.426485,-10.358471
12.432486,-10.325964
12.438488,-10.402772
12.444489,-10.504585
12.450490,-10.379843
12.456491,-10.436059
12.462492,-10.654563
12.468494,-10.591303
12.474495,-10.323308
12.480496,-10.448276
12.486497,-10.623977
12.492498,-10.410503
12.498500,-10.392356
12.504501,-10.548004
12.510502,-10.444734
12.516503,-10.890513
12.522505,-10.425147
12.528506,-10.410990
12.534507,-10.646977
12.540508,-10.512300
12.546509,-10.580321
12.552511,-10.562763
12.558512,-10.601000
12.564513,-10.697742
12.570514,-10.381474
12.576515,-10.607546
12.582517,-10.572041
12.588518,-10.689458
12.594519,-10.698206
12.600520,-10.559260
12.606521,-10.553882
12.612523,-10.524730
12.618524,-10.508146
12.624525,-10.645546
12.630526,-10.674946
12.636527,-10.561846
12.642529,-10.706272
12.648530,-10.561354
12.654531,-10.617081
12.660532,-10.545029
12.666533,-10.599494
12.672535,-10.777979
12.678536,-10.765099
12.684537,-10.611288
12.690538,-10.499833
12.696539,-10.828820
12.702541,-10.700219
12.708542,-10.680374
12.714543,-10.867121
12.720544,-10.672732
12.726545,-10.735858
12.732547,-10.942202
12.738548,-10.576375
12.744549,-10.830870
12.750550,-10.878800
12.756551,-10.714537
12.762553,-10.706804
12.768554,-10.694913
12.774555,-10.813155
12.780556,-10.781648
12.786557,-10.859638
12.792559,-10.923578
12.798560,-10.690647
12.804561,-10.814837
12.810562,-10.828794
12.816563,-11.016490
12.822565,-10.840402
12.828566,-10.912815
12.834567,-10.852028
12.840568,-10.862493
12.846569,-10.891216
12.852571,-10.758687
12.858572,-10.813866
12.864573,-10.751857
12.870574,-11.003057
12.876575,-10.941471
12.882577,-10.886605
12.888578,-10.929242
12.894579,-10.902505
12.900580,-11.018790
12.906581,-10.978199
12.912583,-11.076738
12.918584,-11.007586
12.924585,-10.855167
12.930586,-10.952007
12.936587,-10.786012
12.942589,-11.002142
12.948590,-10.936683
12.954591,-11.075916
12.960592,-10.700525
12.966593,-10.984455
12.972595,-10.889632
12.978596,-10.937257
12.984597,-11.042985
12.990598,-11.123688
12.996599,-10.980985
13.002601,-11.058279
13.008602,-11.024152
13.014603,-10.949473
13.020604,-11.012780
13.026605,-10.988894
13.032607,-11.017602
13.038608,-11.185333
13.044609,-10.905003
13.050610,-10.933025
13.056611,-11.170228
13.062613,-11.012082
13.068614,-11.134816
13.074615,-11.149307
13.080616,-11.081100
13.086617,-10.911851
13.092619,-10.986823
13.098620,-11.038098
13.104621,-11.219681
13.110622,-10.855177
13.116623,-11.029250
13.122625,-11.357508
13.128626,-11.088678
13.134627,-11.183496
13.140628,-11.099630
13.146629,-11.106565
13.152631,-11.244482
13.158632,-10.976043
13.164633,-11.144654
13.170634,-11.076499
13.176635,-11.041493
13.182637,-11.256452
13.188638,-11.279815
13.194639,-11.082448
13.200640,-11.061356
13.206641,-11.344343
13.212643,-11.011518
13.218644,-11.242194
13.224645,-11.155466
13.230646,-11.174207
13.236647,-11.333782
13.242649,-11.329053
13.248650,-11.457009
13.254651,-11.369766
13.260652,-11.408900
13.266653,-11.262634
13.272655,-11.135714
13.278656,-11.281370
13.284657,-11.250772
13.290658,-11.212858
13.296659,-11.228688
13.302661,-11.341244
13.308662,-11.454996
13.314663,-11.357643
13.320664,-11.314368
13.326665,-11.413830
13.332667,-11.296470
13.338668,-11.367939
13.344669,-11.282487
13.350670,-11.430994
13.356671,-11.448868
13.362673,-11.185267
13.368674,-11.365798
13.374675,-11.319379
13.380676,-11.490518
13.386677,-11.424404
13.392679,-11.324462
13.398680,-11.242118
13.404681,-11.477129
13.410682,-11.490974
13.416683,-11.418950
13.422685,-11.575124
13.428686,-11.431699
13.434687,-11.441160
13.440688,-11.368213
13.446689,-11.305228
13.452691,-11.395706
13.458692,-11.384537
13.464693,-11.459465
13.470694,-11.506669
13.476695,-11.676293
13.482697,-11.571319
13.488698,-11.466971
13.494699,-11.659258
13.500700,-11.476411
13.506701,-11.546785
13.512703,-11.614859
13.518704,-11.565706
13.524705,-11.451827
13.530706,-11.442156
13.536707,-11.730409
13.542709,-11.557657
13.548710,-11.457321
13.554711,-11.580500
13.560712,-11.549831
13.566713,-11.716254
13.572715,-11.620718
13.578716,-11.395838
13.584717,-11.663524
13.590718,-11.734781
13.596719,-11.581772
13.602721,-11.523858
13.608722,-11.489341
13.614723,-11.666495
13.620724,-11.598477
13.626725,-11.572290
13.632727,-11.567805
13.638728,-11.693448
13.644729,-11.473456
13.650730,-11.719460
13.656731,-11.585944
13.662733,-11.664924
13.668734,-11.727456
13.674735,-11.739020
13.680736,-11.739371
13.686737,-11.731424
13.692739,-11.794627
13.698740,-11.628999
13.704741,-11.775092
13.710742,-11.772244
13.716743,-11.667874
13.722745,-11.733541
13.728746,-11.870936
13.734747,-11.828348
13.740748,-11.760404
13.746749,-11.804248
13.752751,-11.677702
13.758752,-11.835192
13.764753,-11.861466
13.770754,-11.871809
13.776755,-11.736090
13.782757,-11.734409
13.788758,-11.956002
13.794759,-11.732551
13.800760,-11.714663
13.806761,-11.975861
13.812763,-11.881806
13.818764,-11.675875
13.824765,-11.724155
13.830766,-11.828287
13.836767,-11.786642
13.842769,-11.631567
13.848770,-11.798490
13.854771,-11.976852
13.860772,-11.724278
13.866773,-11.953867
13.872775,-11.773384
13.878776,-11.813149
13.884777,-11.795826
13.890778,-11.736685
13.896779,-12.043371
13.902781,-11.909739
13.908782,-11.714177
13.914783,-11.817145
13.920784,-11.903068
13.926785,-12.029103
13.932787,-11.922115
13.938788,-12.029976
13.944789,-12.091626
13.950790,-11.893142
13.956791,-11.950261
13.962793,-12.040144
13.968794,-11.929299
13.974795,-12.025184
13.980796,-11.802840
13.986797,-11.989855
13.992799,-11.835090
13.998800,-12.080080
14.004801,-11.943466
14.010802,-11.826432
14.016803,-11.989694
14.022805,-11.909160
14.028806,-12.202639
14.034807,-11.964093
14.040808,-12.037770
14.046809,-11.970309
14.052811,-11.966044
14.058812,-12.284437
14.064813,-12.109173
14.070814,-12.137816
14.076815,-12.061599
14.082817,-12.276870
14.088818,-12.197869
14.094819,-11.994627
14.100820,-12.083131
14.106821,-12.215623
14.112823,-12.138144
14.118824,-12.008996
14.124825,-12.308782
14.130826,-12.151969
14.136827,-12.159794
14.142829,-12.124131
14.148830,-12.098452
14.154831,-11.963797
14.160832,-12.105454
14.166833,-12.225582
14.172835,-12.047040
14.178836,-12.264703
14.184837,-12.141218
14.190838,-12.033692
14.196839,-12.089108
14.202841,-12.121732
14.208842,-12.431996
14.214843,-12.224943
14.220844,-12.279582
14.226845,-12.094359
14.232847,-12.148782
14.238848,-12.212737
14.244849,-12.165405
14.250850,-12.315812
14.256851,-12.193423
14.262853,-12.253352
14.268854,-12.437174
14.274855,-12.240450
14.280856,-12.210140
14.286857,-12.167516
14.292859,-12.240120
14.298860,-12.198189
14.304861,-12.478094
14.310862,-12.348203
14.316863,-12.331114
14.322865,-12.355839
14.328866,-12.337770
14.334867,-12.392607
14.340868,-12.267252
14.346869,-12.445990
14.352871,-12.340353
14.358872,-12.351557
14.364873,-12.350479
14.370874,-12.465647
14.376875,-12.236952
14.382877,-12.405489
14.388878,-12.532763
14.394879,-12.314749
14.400880,-12.401213
14.406881,-12.416576
14.412883,-12.422470
14.418884,-12.379340
14.424885,-12.430209
14.430886,-12.508236
14.436887,-12.578806
14.442889,-12.412543
14.448890,-12.600710
14.454891,-12.342920
14.460892,-12.556278
14.466893,-12.551855
14.472895,-12.571085
14.478896,-12.615204
14.484897,-12.562157
14.490898,-12.519261
14.496899,-12.729660
14.502901,-12.747423
14.508902,-12.580488
14.514903,-12.426563
14.520904,-12.650948
14.526905,-12.534539
14.532907,-12.389851
14.538908,-12.671249
14.544909,-12.588745
14.550910,-12.625225
14.556911,-12.467715
14.562913,-12.516525
14.568914,-12.507148
14.574915,-12.325273
14.580916,-12.417969
14.586917,-12.596822
14.592919,-12.613118
14.598920,-12.743802
14.604921,-12.776337
14.610922,-12.615886
14.616923,-12.746863
14.622925,-12.560389
14.628926,-12.708098
14.634927,-12.693221
14.640928,-12.796196
14.646929,-12.435914
14.652931,-12.577048
14.658932,-12.729925
14.664933,-12.649818
14.670934,-12.538625
14.676935,-12.769718
14.682937,-12.492277
14.688938,-12.792155
14.694939,-12.712675
14.700940,-12.865978
14.706941,-12.960793
14.712943,-12.611934
14.718944,-12.710374
14.724945,-12.898331
14.730946,-12.895006
14.736947,-12.622411
14.742949,-12.758008
14.748950,-12.605805
14.754951,-12.691292
14.760952,-12.767608
14.766953,-12.763720
14.772955,-12.828462
14.778956,-12.769177
14.784957,-12.791055
14.790958,-12.707207
14.796959,-12.813301
14.802961,-12.720605
14.808962,-12.716899
14.814963,-12.796887
14.820964,-12.952261
14.826965,-12.843013
14.832967,-13.023574
14.838968,-12.959630
14.844969,-12.771927
14.850970,-12.801481
14.856971,-12.857292
14.862973,-12.893216
14.868974,-12.942914
14.874975,-12.926256
14.880976,-12.784451
14.886977,-12.839309
14.892979,-13.030100
14.898980,-12.879095
14.904981,-12.890985
14.910982,-12.746115
14.916983,-13.092739
14.922985,-13.001298
14.928986,-12.831623
14.934987,-13.046080
14.940988,-12.702426
14.946989,-13.064884
14.952991,-12.950078
14.958992,-12.903037
14.964993,-12.876889
14.970994,-12.899473
14.976995,-13.023203
14.982997,-12.891676
14.988998,-13.064463
14.994999,-13.048497
15.001000,-12.955336
15.007001,-12.856044
15.013003,-13.035820
15.019004,-13.108038
15.025005,-12.904028
15.031006,-13.157486
15.037007,-12.853189
15.043009,-13.141417
15.049010,-12.984915
15.055011,-12.962342
15.061012,-12.982509
15.067013,-13.044313
15.073015,-13.068062
15.079016,-13.244334
15.085017,-13.163099
15.091018,-13.018554
15.097019,-13.030682
15.103021,-13.206809
15.109022,-13.074324
15.115023,-13.089820
15.121024,-12.945932
15.127025,-13.168866
15.133027,-13.185012
15.139028,-13.231372
15.145029,-13.244957
15.151030,-13.113535
15.157031,-13.227466
15.163033,-13.055562
15.169034,-13.231764
15.175035,-13.021635
15.181036,-13.139264
15.187037,-13.161199
15.193039,-13.308081
15.199040,-13.166128
15.205041,-13.200489
15.211042,-13.147834
15.217043,-13.268128
15.223045,-13.368408
15.229046,-13.201524
15.235047,-13.221068
15.241048,-13.216659
15.247049,-13.146484
15.253051,-13.347015
15.259052,-13.497227
15.265053,-13.217550
15.271054,-13.230463
15.277055,-13.324761
15.283057,-13.265997
15.289058,-13.393836
15.295059,-13.505679
15.301060,-13.470351
15.307061,-13.302825
15.313063,-13.174792
15.319064,-13.358016
15.325065,-13.243671
15.331066,-13.390499
15.337067,-13.342611
15.343069,-13.263413
15.349070,-13.335752
15.355071,-13.409239
15.361072,-13.447602
15.367073,-13.376326
15.373075,-13.254864
15.379076,-13.536141
15.385077,-13.299144
15.391078,-13.362714
15.397079,-13.493991
15.403081,-13.404918
15.409082,-13.429485
15.415083,-13.509857
15.421084,-13.475028
15.427085,-13.552714
15.433087,-13.640239
15.439088,-13.423964
15.445089,-13.340640
15.451090,-13.287755
15.457091,-13.568229
15.463093,-13.248356
15.469094,-13.316463
15.475095,-13.332748
15.481096,-13.559663
15.487097,-13.543323
15.493099,-13.686934
15.499100,-13.479984
15.505101,-13.544461
15.511102,-13.494923
15.517103,-13.600555
15.523105,-13.455818
15.529106,-13.494787
15.535107,-13.649519
15.541108,-13.545697
15.547109,-13.518641
15.553111,-13.352266
15.559112,-13.549534
15.565113,-13.659154
15.571114,-13.602741
15.577115,-13.580238
15.583117,-13.596476
15.589118,-13.773265
15.595119,-13.628277
15.601120,-13.670451
15.607121,-13.633173
15.613123,-13.401026
15.619124,-13.702353
15.625125,-13.481331
15.631126,-13.515064
15.637127,-13.568778
15.643129,-13.642818
15.649130,-13.583690
15.655131,-13.700123
15.661132,-13.715778
15.667133,-13.741920
15.673135,-13.645744
15.679136,-13.700113
15.685137,-13.709096
15.691138,-13.549115
15.697139,-13.767614
15.703141,-13.629604
15.709142,-13.761335
15.715143,-13.874363
15.721144,-13.863739
15.727145,-13.776301
15.733147,-13.670185
15.739148,-13.674969
15.745149,-13.769218
15.751150,-13.689308
15.757151,-13.749525
15.763153,-13.789302
15.769154,-13.683681
15.775155,-13.656366
15.781156,-13.679553
15.787157,-13.817845
15.793159,-13.736388
15.799160,-14.012084
15.805161,-13.785654
15.811162,-13.775062
15.817163,-13.801966
15.823165,-13.845392
15.829166,-13.698689
15.835167,-13.844491
15.841168,-13.855122
15.847169,-13.871263
15.853171,-13.749760
15.859172,-13.888418
15.865173,-13.948608
15.871174,-13.882050
15.877175,-13.706404
15.883177,-13.913245
15.889178,-13.827601
15.895179,-13.922990
15.901180,-13.928855
15.907181,-13.963266
15.913183,-14.034813
15.919184,-13.930162
15.925185,-13.853339
15.931186,-13.773567
15.937187,-13.893000
15.943189,-14.024875
15.949190,-13.874639
15.955191,-13.909788
15.961192,-13.821356
15.967193,-13.758232
15.973195,-13.851734
15.979196,-14.018472
15.985197,-14.001120
15.991198,-13.875404
15.997199,-14.047969
16.003201,-14.017249
16.009202,-13.945768
16.015203,-13.908142
16.021204,-13.998913
16.027205,-14.316457
16.033207,-13.999270
16.039208,-14.070413
16.045209,-14.142801
16.051210,-14.048797
16.057211,-13.945165
16.063213,-14.176200
16.069214,-13.910222
16.075215,-13.977342
16.081216,-13.987800
16.087217,-14.168688
16.093219,-14.118343
16.099220,-14.137503
16.105221,-14.105187
16.111222,-14.117443
16.117223,-14.148958
16.123225,-14.141017
16.129226,-14.150388
16.135227,-14.108479
16.141228,-14.306410
16.147229,-14.098572
16.153231,-13.983503
16.159232,-14.051982
16.165233,-14.259823
16.171234,-14.066773
16.177235,-13.948273
16.183237,-14.207492
16.189238,-14.117135
16.195239,-13.965301
16.201240,-14.098211
16.207241,-14.052169
16.213243,-14.322765
16.219244,-14.195682
16.225245,-14.186048
16.231246,-14.174818
16.237247,-14.158297
16.243249,-14.227631
16.249250,-14.380489
16.255251,-14.148624
16.261252,-14.223366
16.267253,-14.385115
16.273255,-14.197355
16.279256,-14.223958
16.285257,-14.231554
16.291258,-14.319942
16.297259,-14.133819
16.303261,-14.246138
16.309262,-14.388257
16.315263,-14.469539
16.321264,-14.397997
16.327265,-14.564228
16.333267,-14.359323
16.339268,-14.326372
16.345269,-14.466036
16.351270,-14.405815
16.357271,-14.201943
16.363273,-14.352544
16.369274,-14.215740
16.375275,-14.393770
16.381276,-14.398955
16.387277,-14.607203
16.393279,-14.320350
16.399280,-14.289224
16.405281,-14.439518
16.411282,-14.442313
16.417283,-14.335980
16.423285,-14.496914
16.429286,-14.507518
16.435287,-14.403577
16.441288,-14.501913
16.447289,-14.386184
16.453291,-14.545322
16.459292,-14.308341
16.465293,-14.399647
16.471294,-14.464709
16.477295,-14.564659
16.483297,-14.589072
16.489298,-14.579022
16.495299,-14.638519
16.501300,-14.367257
16.507301,-14.473094
16.513303,-14.406240
16.519304,-14.345397
16.525305,-14.394644
16.531306,-14.486345
16.537307,-14.578413
16.543309,-14.468379
16.549310,-14.528196
16.555311,-14.581376
16.561312,-14.612832
16.567313,-14.459392
16.573315,-14.425568
16.579316,-14.606827
16.585317,-14.629018
16.591318,-14.521501
16.597319,-14.660837
16.603321,-14.542953
16.609322,-14.435629
16.615323,-14.657107
16.621324,-14.618873
16.627325,-14.428356
16.633327,-14.670643
16.639328,-14.625224
16.645329,-14.739511
16.651330,-14.721614
16.657331,-14.795215
16.663333,-14.370808
16.669334,-14.612159
16.675335,-14.679923
16.681336,-14.787043
16.687337,-14.869807
16.693339,-14.669165
16.699340,-14.713855
16.705341,-14.655142
16.711342,-14.642109
16.717343,-14.616116
16.723345,-14.727562
16.729346,-14.667145
16.735347,-14.776101
16.741348,-14.826493
16.747349,-14.781168
16.753351,-14.676454
16.759352,-14.698702
16.765353,-14.766614
16.771354,-14.739111
16.777355,-14.616605
16.783357,-14.963598
16.789358,-14.914865
16.795359,-14.796662
16.801360,-14.731325
16.807361,-14.828889
16.813363,-14.723054
16.819364,-15.120108
16.825365,-15.058412
16.831366,-14.888147
16.837367,-14.570635
16.843369,-14.843376
16.849370,-15.073515
16.855371,-14.891374
16.861372,-14.799623
16.867373,-14.771151
16.873375,-14.826320
16.879376,-14.902956
16.885377,-14.817498
16.891378,-14.776016
16.897379,-14.952853
16.903381,-14.915741
16.909382,-14.922992
16.915383,-15.085937
16.921384,-15.047094
16.927385,-15.159248
16.933387,-14.924953
16.939388,-14.969155
16.945389,-14.979292
16.951390,-14.954831
16.957391,-14.905465
16.963393,-15.030651
16.969394,-14.852033
16.975395,-15.134618
16.981396,-14.982761
16.987397,-14.997232
16.993399,-14.908411
16.999400,-15.048898
17.005401,-14.898528
17.011402,-15.034789
17.017403,-15.027584
17.023405,-15.038312
17.029406,-14.959596
17.035407,-14.950092
17.041408,-15.101882
17.047409,-15.188299
17.053411,-15.151521
17.059412,-15.042894
17.065413,-15.067078
17.071414,-15.057321
17.077415,-15.149933
17.083417,-15.003843
17.089418,-15.107062
17.095419,-15.258763
17.101420,-15.085885
17.107421,-15.052679
17.113423,-15.099047
17.119424,-15.106402
17.125425,-15.102708
17.131426,-15.236799
17.137427,-14.984252
17.143429,-15.176078
17.149430,-15.002745
17.155431,-15.210844
17.161432,-15.064765
17.167433,-15.143416
17.173435,-15.163403
17.179436,-15.273315
17.185437,-15.064855
17.191438,-15.149541
17.197439,-15.206464
17.203441,-15.082703
17.209442,-15.200584
17.215443,-14.994463
17.221444,-15.119777
17.227445,-15.260516
17.233447,-15.097609
17.239448,-15.233362
17.245449,-15.044860
17.251450,-15.243284
17.257451,-15.265372
17.263453,-15.254056
17.269454,-15.229503
17.275455,-15.120524
17.281456,-15.252171
17.287457,-15.298129
17.293459,-15.342805
17.299460,-15.220892
17.305461,-15.360896
17.311462,-15.428345
17.317463,-15.411688
17.323465,-15.369957
17.329466,-15.341909
17.335467,-15.230150
17.341468,-15.399193
17.347469,-15.227757
17.353471,-15.517241
17.359472,-15.096012
17.365473,-15.524115
17.371474,-15.351666
17.377475,-15.399233
17.383477,-15.462008
17.389478,-15.321837
17.395479,-15.289758
17.401480,-15.418699
17.407481,-15.286543
17.413483,-15.407077
17.419484,-15.525862
17.425485,-15.433404
17.431486,-15.484236
17.437487,-15.391466
17.443489,-15.483405
17.449490,-15.456908
17.455491,-15.564027
17.461492,-15.354557
17.467493,-15.503056
17.473495,-15.580442
17.479496,-15.216348
17.485497,-15.626795
17.491498,-15.440755
17.497499,-15.713866
17.503501,-15.472648
17.509502,-15.490691
17.515503,-15.540741
17.521504,-15.657859
17.527506,-15.613359
17.533507,-15.614163
17.539508,-15.656920
17.545509,-15.640314
17.551510,-15.407998
17.557512,-15.518391
17.563513,-15.430430
17.569514,-15.668398
17.575515,-15.618645
17.581516,-15.755221
17.587518,-15.706563
17.593519,-15.622630
17.599520,-15.641581
17.605521,-15.427786
17.611522,-15.600718
17.617524,-15.644033
17.623525,-15.577578
17.629526,-15.626838
17.635527,-15.744097
17.641528,-15.704217
17.647530,-15.507634
17.653531,-15.523152
17.659532,-15.633808
17.665533,-15.563585
17.671534,-15.507253
17.677536,-15.721708
17.683537,-15.665105
17.689538,-15.667429
17.695539,-15.778220
17.701540,-15.656897
17.707542,-15.821909
17.713543,-15.703317
17.719544,-15.746435
17.725545,-15.682590
17.731546,-15.867032
17.737548,-15.789657
17.743549,-15.555232
17.749550,-15.763035
17.755551,-15.748737
17.761552,-15.828509
17.767554,-15.763016
17.773555,-15.735578
17.779556,-15.827112
17.785557,-15.810507
17.791558,-15.808204
17.797560,-15.767986
17.803561,-15.690509
17.809562,-15.876494
17.815563,-15.734965
17.821564,-15.741104
17.827566,-15.802082
17.833567,-15.725402
17.839568,-15.829661
17.845569,-15.834787
17.851570,-15.868926
17.857572,-15.884608
17.863573,-15.884623
17.869574,-16.055656
17.875575,-15.815548
17.881576,-15.913802
17.887578,-16.034464
17.893579,-15.796547
17.899580,-15.997134
17.905581,-15.819632
17.911582,-15.985738
17.917584,-15.821695
17.923585,-15.733693
17.929586,-16.089092
17.935587,-15.961083
17.941588,-15.845907
17.947590,-15.919621
17.953591,-15.925421
17.959592,-15.868032
17.965593,-16.044479
17.971594,-16.099899
17.977596,-16.048977
17.983597,-15.850242
17.989598,-16.065989
17.995599,-16.149095
18.001600,-15.885922
18.007602,-16.058820
18.013603,-16.058504
18.019604,-16.158991
18.025605,-15.972566
18.031606,-15.974810
18.037608,-16.092653
18.043609,-16.162982
18.049610,-16.238820
18.055611,-15.998805
18.061612,-15.801963
18.067614,-16.027181
18.073615,-16.012783
18.079616,-16.064960
18.085617,-16.050659
18.091618,-16.114920
18.097620,-16.068201
18.103621,-16.183721
18.109622,-16.233691
18.115623,-16.104499
18.121624,-16.111808
18.127626,-16.245068
18.133627,-16.188770
18.139628,-16.174635
18.145629,-16.074051
18.151630,-16.135764
18.157632,-16.174393
18.163633,-16.322854
18.169634,-16.142593
18.175635,-16.122715
18.181636,-15.961825
18.187638,-16.143004
18.193639,-16.101228
18.199640,-16.106274
18.205641,-16.386911
18.211642,-16.224104
18.217644,-16.234608
18.223645,-16.269642
18.229646,-16.143993
18.235647,-16.072975
18.241648,-16.334095
18.247650,-16.263249
18.253651,-16.211151
18.259652,-16.337607
18.265653,-16.477307
18.271654,-16.293161
18.277656,-16.388065
18.283657,-16.477503
18.289658,-16.199468
18.295659,-16.132111
18.301660,-16.248768
18.307662,-16.266065
18.313663,-16.270254
18.319664,-16.327425
18.325665,-16.280748
18.331666,-16.344797
18.337668,-16.412761
18.343669,-16.215904
18.349670,-16.274794
18.355671,-16.089944
18.361672,-16.443533
18.367674,-16.512189
18.373675,-16.239498
18.379676,-16.390195
18.385677,-16.249998
18.391678,-16.190277
18.397680,-16.534943
18.403681,-16.489424
18.409682,-16.577811
18.415683,-16.430743
18.421684,-16.493791
18.427686,-16.621774
18.433687,-16.423696
18.439688,-16.311504
18.445689,-16.542697
18.451690,-16.327153
18.457692,-16.388004
18.463693,-16.470148
18.469694,-16.575478
18.475695,-16.522617
18.481696,-16.268857
18.487698,-16.526622
18.493699,-16.436737
18.499700,-16.527130
18.505701,-16.615543
18.511702,-16.442730
18.517704,-16.352779
18.523705,-16.417191
18.529706,-16.368801
18.535707,-16.521405
18.541708,-16.541964
18.547710,-16.494941
18.553711,-16.575973
18.559712,-16.608860
18.565713,-16.725097
18.571714,-16.469877
18.577716,-16.572747
18.583717,-16.743902
18.589718,-16.771559
18.595719,-16.418553
18.601720,-16.494160
18.607722,-16.569381
18.613723,-16.760422
18.619724,-16.646202
18.625725,-16.728933
18.631726,-16.668170
18.637728,-16.659415
18.643729,-16.716257
18.649730,-16.789107
18.655731,-16.581861
18.661732,-16.636798
18.667734,-16.612878
18.673735,-16.560245
18.679736,-16.569441
18.685737,-16.519414
18.691738,-16.599152
18.697740,-16.651828
18.703741,-16.744975
18.709742,-16.838715
18.715743,-16.656717
18.721744,-16.750950
18.727746,-16.527983
18.733747,-16.784202
18.739748,-16.711740
18.745749,-16.717283
18.751750,-16.899074
18.757752,-16.834261
18.763753,-16.962419
18.769754,-16.742304
18.775755,-16.757087
18.781756,-16.707380
18.787758,-16.860276
18.793759,-16.899711
18.799760,-16.831956
18.805761,-16.764436
18.811762,-16.920062
18.817764,-16.779579
18.823765,-16.774739
18.829766,-16.747734
18.835767,-16.871514
18.841768,-16.833055
18.847770,-16.724919
18.853771,-16.923768
18.859772,-16.863596
18.865773,-16.665171
18.871774,-16.841370
18.877776,-16.783448
18.883777,-16.853729
18.889778,-16.789085
18.895779,-16.847311
18.901780,-16.923722
18.907782,-16.931810
18.913783,-16.936625
18.919784,-16.854005
18.925785,-16.923348
18.931786,-16.933460
18.937788,-16.929743
18.943789,-16.916339
18.949790,-16.793465
18.955791,-17.048449
18.961792,-16.853935
18.967794,-17.010416
18.973795,-17.007300
18.979796,-16.994625
18.985797,-17.121256
18.991798,-17.055283
18.997800,-17.011387
19.003801,-17.063478
19.009802,-16.880094
19.015803,-17.098218
19.021804,-17.038530
19.027806,-17.088209
19.033807,-16.908678
19.039808,-17.174095
19.045809,-17.004284
19.051810,-16.932123
19.057812,-16.917041
19.063813,-17.046124
19.069814,-16.896981
19.075815,-17.170984
19.081816,-17.136974
19.087818,-17.141730
19.093819,-17.068092
19.099820,-17.311213
19.105821,-17.010968
19.111822,-16.988695
19.117824,-17.146642
19.123825,-16.998005
19.129826,-17.072450
19.135827,-17.233515
19.141828,-17.210931
19.147830,-17.198559
19.153831,-17.120955
19.159832,-17.065773
19.165833,-17.098632
19.171834,-17.233862
19.177836,-17.166551
19.183837,-17.245157
19.189838,-17.031611
19.195839,-17.234283
19.201840,-17.208578
19.207842,-17.236183
19.213843,-17.333795
19.219844,-17.227747
19.225845,-17.143658
19.231846,-17.248921
19.237848,-17.402951
19.243849,-17.264711
19.249850,-17.320945
19.255851,-17.250616
19.261852,-17.165316
19.267854,-17.337874
19.273855,-17.289406
19.279856,-17.275220
19.285857,-17.428625
19.291858,-17.256565
19.297860,-17.327275
19.303861,-17.399492
19.309862,-17.444439
19.315863,-17.320113
19.321864,-17.239814
19.327866,-17.278766
19.333867,-17.451671
19.339868,-17.373976
19.345869,-17.300001
19.351870,-17.232590
19.357872,-17.207110
19.363873,-17.342280
19.369874,-17.262254
19.375875,-17.515811
19.381876,-17.331014
19.387878,-17.228635
19.393879,-17.398023
19.399880,-17.262286
19.405881,-17.270321
19.411882,-17.349350
19.417884,-17.250333
19.423885,-17.452904
19.429886,-17.452786
19.435887,-17.283423
19.441888,-17.402969
19.447890,-17.572184
19.453891,-17.451181
19.459892,-17.161894
19.465893,-17.702774
19.471894,-17.339675
19.477896,-17.528763
19.483897,-17.431053
19.489898,-17.407376
19.495899,-17.630742
19.501900,-17.657713
19.507902,-17.594888
19.513903,-17.523687
19.519904,-17.688154
19.525905,-17.460279
19.531906,-17.472683
19.537908,-17.508074
19.543909,-17.521430
19.549910,-17.681798
19.555911,-17.587502
19.561912,-17.557745
19.567914,-17.490562
19.573915,-17.560817
19.579916,-17.413200
19.585917,-17.523472
19.591918,-17.586462
19.597920,-17.552680
19.603921,-17.442441
19.609922,-17.722606
19.615923,-17.651932
19.621924,-17.656893
19.627926,-17.695001
19.633927,-17.729585
19.639928,-17.580134
19.645929,-17.691607
19.651930,-17.590821
19.657932,-17.703977
19.663933,-17.790135
19.669934,-17.550129
19.675935,-17.496094
19.681936,-17.659469
19.687938,-17.635629
19.693939,-17.520262
19.699940,-17.649075
19.705941,-17.589437
19.711942,-17.640630
19.717944,-17.585946
19.723945,-17.692834
19.729946,-17.700053
19.735947,-17.675080
19.741948,-17.876903
19.747950,-17.835281
19.753951,-17.617847
19.759952,-17.617887
19.765953,-17.722916
19.771954,-17.867154
19.777956,-17.657679
19.783957,-17.775964
19.789958,-17.906984
19.795959,-17.734005
19.801960,-17.712711
19.807962,-17.720350
19.813963,-17.844921
19.819964,-17.871924
19.825965,-17.956652
19.831966,-17.680007
19.837968,-17.816681
19.843969,-17.687319
19.849970,-17.875861
19.855971,-17.684822
19.861972,-18.044054
19.867974,-17.851624
19.873975,-17.955286
19.879976,-17.940511
19.885977,-18.018730
19.891978,-17.956396
19.897980,-17.707091
19.903981,-17.960335
19.909982,-17.801735
19.915983,-18.111174
19.921984,-17.677863
19.927986,-17.929714
19.933987,-17.842759
19.939988,-17.816022
19.945989,-18.003326
19.951990,-17.909501
19.957992,-17.985118
19.963993,-18.032350
19.969994,-18.123738
19.975995,-17.986133
19.981996,-17.907330
19.987998,-17.895079
19.993999,-17.971057
20.000000,-17.958559
